-1 30 15 15
0.000000 2 13 5 C 
0.000162 2 13 5 c 
0.000000 29 2 5 ^ 
0.000269 29 2 5 ^ 
0.000000 11 12 5 L 
0.000245 11 12 4 L 
0.032945 11 12 4 l 
0.000000 26 3 5 [ 
0.000238 26 3 6 [ 
0.018012 26 3 5 [ 
0.043141 26 3 5 [ 
0.000000 21 11 4 V 
0.045300 21 11 4 v 
0.000000 24 12 5 Y 
0.032957 24 12 5 y 
0.000000 1 11 4 B 
0.000231 1 11 3 B 
0.045300 1 11 3 b 
0.000000 22 10 6 W 
0.000263 22 10 5 W 
0.012428 22 11 5 W 
0.049669 22 11 5 w 
0.000000 16 5 2 Q 
0.000198 16 5 1 Q 
0.015881 16 5 0 Q 
0.049686 16 5 1 Q 
0.099612 16 5 1 q 
0.000000 25 4 0 Z 
0.000294 25 5 0 Z 
0.099614 25 5 0 z 
0.000000 20 14 6 U 
0.000230 20 13 6 U 
0.022195 20 13 7 U 
0.046356 20 13 6 U 
0.077004 20 14 6 U 
0.089464 20 13 6 U 
0.122402 20 13 6 u 
0.000000 17 9 3 R 
0.000202 17 8 3 R 
0.040866 17 8 4 R 
0.062497 17 9 4 R 
0.104044 17 9 3 R 
0.138937 17 10 3 R 
0.154316 17 10 4 R 
0.168344 17 10 4 r 
0.000000 27 13 10 \ 
0.000244 27 13 9 \ 
0.042043 27 13 8 \ 
0.064628 27 13 7 \ 
0.077097 27 12 7 \ 
0.096197 27 12 6 \ 
0.144542 27 12 7 \ 
0.181422 27 13 7 \ 
0.221383 27 14 7 \ 
0.255544 27 13 7 \ 
0.287412 27 13 7 \ 
0.000000 19 0 12 T 
0.000218 19 1 12 T 
0.032833 19 1 13 T 
0.081668 19 0 13 T 
0.105278 19 0 12 T 
0.135615 19 14 12 T 
0.168482 19 14 11 T 
0.208516 19 13 11 T 
0.244222 19 13 10 T 
0.284102 19 13 11 T 
0.307191 19 13 10 T 
0.323736 19 13 9 T 
0.367160 19 13 8 T 
0.386633 19 13 8 t 
0.000000 5 2 10 F 
0.000198 5 2 9 F 
0.037403 5 2 10 F 
0.064697 5 3 10 F 
0.074776 5 3 11 F 
0.108824 5 4 11 F 
0.126821 5 4 10 F 
0.150155 5 4 9 F 
0.200728 5 4 8 F 
0.215940 5 4 7 F 
0.268956 5 4 6 F 
0.318302 5 4 7 F 
0.356409 5 3 7 F 
0.384519 5 3 7 f 
0.000000 0 2 9 A 
0.000201 0 1 9 A 
0.037400 0 0 9 A 
0.067976 0 0 10 A 
0.079433 0 14 10 A 
0.126901 0 0 10 A 
0.148964 0 0 9 A 
0.199521 0 0 10 A 
0.226825 0 0 9 A 
0.274386 0 1 9 A 
0.295080 0 2 9 A 
0.344115 0 2 8 A 
0.371435 0 2 7 A 
0.384518 0 2 7 a 
0.000000 9 4 1 J 
0.000236 9 3 1 J 
0.047514 9 3 2 J 
0.081574 9 4 2 J 
0.130034 9 5 2 J 
0.150157 9 5 3 J 
0.196250 9 4 3 J 
0.222693 9 5 3 J 
0.241906 9 5 4 J 
0.287414 9 4 4 J 
0.310620 9 3 4 J 
0.354077 9 2 4 J 
0.399588 9 1 4 J 
0.427240 9 1 3 J 
0.456098 9 1 4 J 
0.498305 9 0 4 J 
0.511929 9 0 3 J 
0.000000 13 2 13 N 
0.000289 13 3 13 N 
0.013563 13 4 13 N 
0.040953 13 4 12 N 
0.089619 13 4 13 N 
0.100690 13 4 14 N 
0.130037 13 4 13 N 
0.171739 13 4 14 N 
0.199643 13 4 13 N 
0.247628 13 4 14 N 
0.274468 13 4 13 N 
0.286195 13 4 14 N 
0.328291 13 4 0 N 
0.365044 13 4 1 N 
0.397296 13 4 0 N 
0.439395 13 4 1 N 
0.476907 13 4 1 n 
0.000000 4 4 12 E 
0.000156 4 4 11 E 
0.050856 4 4 10 E 
0.107507 4 4 9 E 
0.132299 4 4 8 E 
0.166071 4 5 8 E 
0.198360 4 5 7 E 
0.222562 4 6 7 E 
0.246451 4 6 8 E 
0.283149 4 5 8 E 
0.318301 4 5 9 E 
0.362836 4 4 9 E 
0.381034 4 3 9 E 
0.421709 4 3 8 E 
0.472292 4 2 8 E 
0.496189 4 2 8 e 
0.000000 6 12 0 G 
0.000203 6 11 0 G 
0.037385 6 11 1 G 
0.050761 6 12 1 G 
0.097360 6 12 2 G 
0.145617 6 11 2 G 
0.167144 6 12 2 G 
0.207257 6 11 2 G 
0.234438 6 11 1 G 
0.247728 6 11 0 G 
0.287413 6 12 0 G 
0.315088 6 12 1 G 
0.348438 6 11 1 G 
0.363895 6 10 1 G 
0.382229 6 9 1 G 
0.411184 6 10 1 G 
0.453983 6 10 0 G 
0.465651 6 10 1 G 
0.495163 6 10 0 G 
0.511930 6 10 14 G 
0.528871 6 10 0 G 
0.567672 6 10 1 G 
0.579257 6 9 1 G 
0.000000 12 8 11 M 
0.000248 12 8 12 M 
0.025490 12 8 13 M 
0.070193 12 8 12 M 
0.094144 12 8 11 M 
0.139116 12 7 11 M 
0.169565 12 7 10 M 
0.181534 12 8 10 M 
0.207363 12 7 10 M 
0.254371 12 7 11 M 
0.273328 12 8 11 M 
0.321475 12 8 12 M 
0.332423 12 8 13 M 
0.382306 12 8 14 M 
0.427241 12 8 0 M 
0.474484 12 8 1 M 
0.524612 12 8 2 M 
0.548857 12 8 1 M 
0.572902 12 8 0 M 
0.591956 12 9 0 M 
0.623612 12 9 0 m 
0.000000 28 4 4 ] 
0.000247 28 4 3 ] 
0.043164 28 4 4 ] 
0.077001 28 4 3 ] 
0.116431 28 4 4 ] 
0.135475 28 4 5 ] 
0.155372 28 4 6 ] 
0.195330 28 4 7 ] 
0.220327 28 4 6 ] 
0.268949 28 4 5 ] 
0.308379 28 4 6 ] 
0.356410 28 5 6 ] 
0.400726 28 5 5 ] 
0.436073 28 6 5 ] 
0.449807 28 6 6 ] 
0.485549 28 7 6 ] 
0.530986 28 7 7 ] 
0.549940 28 8 7 ] 
0.600375 28 8 6 ] 
0.614117 28 7 6 ] 
0.642479 28 8 6 ] 
0.670357 28 8 6 ] 
0.000000 8 9 11 I 
0.000219 8 10 11 I 
0.023280 8 10 10 I 
0.039665 8 10 11 I 
0.088257 8 10 10 I 
0.136703 8 10 11 I 
0.168343 8 10 10 I 
0.189069 8 9 10 I 
0.217010 8 9 9 I 
0.263370 8 9 8 I 
0.309438 8 10 8 I 
0.349589 8 10 7 I 
0.371441 8 10 6 I 
0.418588 8 9 6 I 
0.444573 8 9 7 I 
0.490917 8 8 7 I 
0.523552 8 8 6 I 
0.566600 8 9 6 I 
0.599301 8 8 6 I 
0.646826 8 8 5 I 
0.666242 8 8 5 i 
0.000000 14 5 5 O 
0.000270 14 5 6 O 
0.031646 14 5 5 O 
0.065770 14 6 5 O 
0.099493 14 5 5 O 
0.145751 14 6 5 O 
0.186938 14 6 4 O 
0.232328 14 7 4 O 
0.276600 14 7 3 O 
0.311783 14 7 4 O 
0.355266 14 7 3 O 
0.373636 14 7 4 O 
0.418710 14 8 4 O 
0.453982 14 8 5 O 
0.486656 14 9 5 O 
0.499375 14 8 5 O 
0.530993 14 7 5 O 
0.553113 14 6 5 O 
0.594092 14 6 4 O 
0.622547 14 5 4 O 
0.659871 14 6 4 O 
0.676870 14 6 5 O 
0.720292 14 6 4 O 
0.000000 15 11 3 P 
0.000165 15 10 3 P 
0.045299 15 9 3 P 
0.064829 15 9 2 P 
0.085938 15 9 1 P 
0.116562 15 9 0 P 
0.136797 15 10 0 P 
0.157628 15 11 0 P 
0.202859 15 10 0 P 
0.242008 15 9 0 P 
0.261087 15 9 14 P 
0.290662 15 10 14 P 
0.308377 15 9 14 P 
0.353014 15 9 0 P 
0.382092 15 8 0 P 
0.416566 15 8 1 P 
0.461187 15 7 1 P 
0.500445 15 7 2 P 
0.539298 15 8 2 P 
0.572904 15 8 1 P 
0.607799 15 7 1 P 
0.641299 15 7 0 P 
0.665183 15 6 0 P 
0.676798 15 6 1 P 
0.697230 15 6 1 p 
0.000000 3 14 12 D 
0.000245 3 14 13 D 
0.015991 3 14 14 D 
0.059170 3 0 14 D 
0.091773 3 0 0 D 
0.135611 3 0 1 D 
0.156441 3 14 1 D 
0.174226 3 14 0 D 
0.209583 3 0 0 D 
0.230076 3 14 0 D 
0.248698 3 0 0 D 
0.281959 3 0 1 D 
0.315167 3 0 2 D 
0.347380 3 0 3 D 
0.367248 3 14 3 D 
0.384648 3 14 2 D 
0.398442 3 14 3 D 
0.438251 3 13 3 D 
0.456205 3 13 2 D 
0.486670 3 14 2 D 
0.526741 3 14 1 D 
0.544628 3 14 2 D 
0.570788 3 14 1 D 
0.582445 3 14 2 D 
0.616240 3 0 2 D 
0.650083 3 0 1 D 
0.672548 3 0 2 D 
0.686400 3 0 2 d 
0.000000 23 5 12 X 
0.000268 23 5 11 X 
0.012423 23 5 10 X 
0.023270 23 4 10 X 
0.057998 23 5 10 X 
0.107505 23 5 9 X 
0.132298 23 6 9 X 
0.182625 23 5 9 X 
0.209476 23 4 9 X 
0.252085 23 4 10 X 
0.268743 23 4 9 X 
0.297354 23 4 8 X 
0.334538 23 5 8 X 
0.362837 23 4 8 X 
0.375749 23 4 9 X 
0.421807 23 5 9 X 
0.438322 23 5 10 X 
0.487719 23 5 11 X 
0.510870 23 5 10 X 
0.544627 23 5 9 X 
0.593019 23 5 8 X 
0.603558 23 4 8 X 
0.639181 23 3 8 X 
0.652344 23 3 9 X 
0.677927 23 3 10 X 
0.691760 23 3 11 X 
0.731761 23 3 12 X 
0.779145 23 3 11 X 
0.795608 23 3 10 X 
0.824518 23 4 10 X 
0.842094 23 5 10 X 
0.883563 23 5 11 X 
0.000000 18 8 2 S 
0.000214 18 7 2 S 
0.014721 18 8 2 S 
0.025406 18 8 1 S 
0.061422 18 7 1 S 
0.084775 18 7 0 S 
0.112193 18 7 1 S 
0.159760 18 7 2 S 
0.174119 18 6 2 S 
0.212672 18 6 3 S 
0.244046 18 5 3 S 
0.287415 18 4 3 S 
0.328124 18 3 3 S 
0.348521 18 3 2 S 
0.387803 18 3 1 S 
0.433917 18 2 1 S 
0.454098 18 2 2 S 
0.468950 18 1 2 S 
0.508754 18 1 3 S 
0.550998 18 2 3 S 
0.589699 18 3 3 S 
0.623613 18 3 4 S 
0.642595 18 4 4 S 
0.660021 18 4 5 S 
0.677041 18 4 6 S 
0.720184 18 4 5 S 
0.760804 18 5 5 S 
0.786372 18 6 5 S 
0.804057 18 5 5 S 
0.829781 18 4 5 S 
0.851664 18 4 4 S 
0.881363 18 4 3 S 
0.924848 18 4 4 S 
0.968183 18 5 4 S 
1.008307 18 5 4 s 
0.000000 10 1 13 K 
0.000239 10 2 13 K 
0.050841 10 1 13 K 
0.105278 10 2 13 K 
0.145755 10 2 12 K 
0.189201 10 2 13 K 
0.219150 10 2 14 K 
0.235512 10 3 14 K 
0.262161 10 2 14 K 
0.308489 10 1 14 K 
0.353017 10 2 14 K 
0.393074 10 2 13 K 
0.428447 10 2 12 K 
0.465652 10 2 11 K 
0.493046 10 3 11 K 
0.543557 10 2 11 K 
0.570807 10 3 11 K 
0.595169 10 3 10 K 
0.609927 10 2 10 K 
0.623604 10 2 11 K 
0.644594 10 1 11 K 
0.680053 10 2 11 K 
0.714865 10 2 12 K 
0.752564 10 1 12 K 
0.774634 10 0 12 K 
0.796774 10 0 11 K 
0.812189 10 14 11 K 
0.844300 10 0 11 K 
0.891796 10 14 11 K 
0.940306 10 14 10 K 
0.958994 10 14 9 K 
0.990860 10 13 9 K 
1.007090 10 12 9 K 
1.033197 10 13 9 K 
1.082676 10 13 9 k 
