-1 15 15 15
0.000000 10 14 14 K 
0.000115 10 14 14 k 
0.000000 0 5 13 A 
0.000105 0 4 13 A 
0.016424 0 4 13 a 
0.000000 5 14 13 F 
0.018567 5 14 13 f 
0.000000 12 8 1 M 
0.000133 12 9 1 M 
0.047505 12 9 1 m 
0.000000 8 3 14 I 
0.000107 8 3 13 I 
0.027895 8 3 13 i 
0.000000 11 7 0 L 
0.000145 11 7 1 L 
0.047515 11 7 1 l 
0.000000 1 7 1 B 
0.000134 1 8 1 B 
0.047513 1 8 1 b 
0.000000 13 3 11 N 
0.000116 13 2 11 N 
0.017481 13 2 10 N 
0.033011 13 3 10 N 
0.062425 13 3 9 N 
0.089074 13 3 8 N 
0.138041 13 3 8 n 
0.000000 9 3 0 J 
0.000109 9 2 0 J 
0.027877 9 1 0 J 
0.066714 9 2 0 J 
0.114446 9 2 14 J 
0.134771 9 3 14 J 
0.150701 9 3 14 j 
0.000000 7 7 9 H 
0.000120 7 6 9 H 
0.024721 7 6 8 H 
0.066825 7 5 8 H 
0.103847 7 4 8 H 
0.139236 7 4 8 h 
0.000000 4 1 5 E 
0.000143 4 1 6 E 
0.027870 4 1 7 E 
0.053580 4 2 7 E 
0.077649 4 2 6 E 
0.122133 4 3 6 E 
0.133710 4 3 7 E 
0.167561 4 3 7 e 
0.000000 2 4 10 C 
0.000139 2 3 10 C 
0.040274 2 3 11 C 
0.062420 2 3 10 C 
0.089076 2 3 11 C 
0.113377 2 4 11 C 
0.157053 2 4 12 C 
0.207540 2 3 12 C 
0.232334 2 3 11 C 
0.262142 2 4 11 C 
0.310073 2 4 11 c 
0.000000 14 10 8 O 
0.000090 14 10 7 O 
0.023660 14 10 8 O 
0.038136 14 9 8 O 
0.076581 14 8 8 O 
0.096549 14 7 8 O 
0.121866 14 6 8 O 
0.138037 14 6 9 O 
0.152861 14 6 10 O 
0.195760 14 5 10 O 
0.236470 14 5 11 O 
0.265588 14 5 10 O 
0.284169 14 4 10 O 
0.310085 14 4 10 o 
0.000000 3 14 13 D 
0.000132 3 14 12 D 
0.018563 3 13 12 D 
0.054788 3 13 13 D 
0.093311 3 13 14 D 
0.130448 3 12 14 D 
0.174065 3 12 0 D 
0.195915 3 13 0 D 
0.228211 3 13 14 D 
0.252841 3 13 0 D 
0.296597 3 14 0 D 
0.343017 3 14 0 d 
