-1  15  7  7
 0.000000000  9  1  4  J
 0.002538105  9  0  4  J
 0.048056644  9  0  3  J
 0.074378300  9  6  3  J
 0.099767577  9  6  3  j
 0.190732515  9  6  3  j
 0.223202509  9  6  3  j
 0.253405316  9  6  3  j
 0.287240425  9  6  3  j
 0.333368217  9  6  3  j
 0.369984974  9  6  3  j
 0.380852456  9  6  3  j
 0.396473586  9  6  3  j
 0.000000000  8  2  0  I
 0.002507348  8  1  0  I
 0.030594970  8  1  6  I
 0.061218421  8  2  6  I
 0.110908787  8  1  6  I
 0.139890411  8  1  0  I
 0.171038535  8  0  0  I
 0.191791771  8  1  0  I
 0.217797015  8  0  0  I
 0.259871543  8  0  6  I
 0.271362706  8  0  0  I
 0.302100395  8  0  1  I
 0.320288725  8  0  1  i
 0.401020782  8  0  1  i
 0.431088571  8  0  1  i
 0.457740839  8  0  1  i
 0.499505151  8  0  1  i
 0.515009154  8  0  1  i
 0.556460618  8  0  1  i
 0.586267197  8  0  1  i
 0.600818767  8  0  1  i
 0.000000000  0  6  4  A
 0.001713770  0  6  4  a
 0.099180369  0  6  4  a
 0.133703704  0  6  4  a
 0.168299939  0  6  4  a
 0.193049571  0  6  4  a
 0.221946941  0  6  4  a
 0.256851308  0  6  4  a
 0.286129970  0  6  4  a
 0.306503606  0  6  4  a
 0.344020507  0  6  4  a
 0.388117617  0  6  4  a
 0.407864842  0  6  4  a
 0.436969069  0  6  4  a
 0.466707541  0  6  4  a
 0.493599294  0  6  4  a
 0.511052197  0  6  4  a
 0.556031929  0  6  4  a
 0.583614874  0  6  4  a
 0.616274726  0  6  4  a
 0.628229456  0  6  4  a
 0.000000000  6  5  6  G
 0.002315604  6  5  6  g
 0.092131579  6  5  6  g
 0.104150939  6  5  6  g
 0.150641443  6  5  6  g
 0.179104640  6  5  6  g
 0.213512261  6  5  6  g
 0.244884319  6  5  6  g
 0.281029179  6  5  6  g
 0.301937490  6  5  6  g
 0.322623627  6  5  6  g
 0.352234093  6  5  6  g
 0.365552333  6  5  6  g
 0.387078737  6  5  6  g
 0.417387526  6  5  6  g
 0.435159743  6  5  6  g
 0.453118246  6  5  6  g
 0.463755777  6  5  6  g
 0.478615276  6  5  6  g
 0.494260183  6  5  6  g
 0.524482475  6  5  6  g
 0.542365959  6  5  6  g
 0.589783796  6  5  6  g
 0.616155638  6  5  6  g
 0.634998225  6  5  6  g
 0.684652366  6  5  6  g
 0.729439650  6  5  6  g
 0.776772282  6  5  6  g
 0.822851459  6  5  6  g
 0.836408928  6  5  6  g
 0.868528473  6  5  6  g
 0.908731159  6  5  6  g
 0.952539163  6  5  6  g
 0.976062778  6  5  6  g
 0.995124306  6  5  6  g
 0.000000000  14  3  1  O
 0.002838210  14  4  1  O
 0.024205107  14  4  1  o
 0.091764874  14  4  1  o
 0.116246926  14  4  1  o
 0.148139151  14  4  1  o
 0.190599430  14  4  1  o
 0.230465940  14  4  1  o
 0.255535098  14  4  1  o
 0.290326197  14  4  1  o
 0.304046637  14  4  1  o
 0.354005471  14  4  1  o
 0.364722774  14  4  1  o
 0.410073933  14  4  1  o
 0.448511198  14  4  1  o
 0.480622037  14  4  1  o
 0.520793262  14  4  1  o
 0.556847537  14  4  1  o
 0.574341250  14  4  1  o
 0.623696821  14  4  1  o
 0.641478093  14  4  1  o
 0.679373266  14  4  1  o
 0.690724431  14  4  1  o
 0.720430407  14  4  1  o
 0.754854282  14  4  1  o
 0.777774859  14  4  1  o
 0.811976806  14  4  1  o
 0.831807847  14  4  1  o
 0.861674981  14  4  1  o
 0.878668064  14  4  1  o
 0.908654983  14  4  1  o
 0.919412207  14  4  1  o
 0.945029741  14  4  1  o
 0.970378954  14  4  1  o
 1.011977868  14  4  1  o
 1.054686644  14  4  1  o
 1.087203032  14  4  1  o
 1.104979521  14  4  1  o
 1.133348678  14  4  1  o
 1.172685487  14  4  1  o
 1.193967829  14  4  1  o
 1.238634014  14  4  1  o
 1.273892630  14  4  1  o
 1.312026744  14  4  1  o
 0.000000000  10  0  3  K
 0.002556029  10  0  2  K
 0.021090217  10  0  1  K
 0.053005158  10  6  1  K
 0.079560002  10  6  2  K
 0.109411900  10  6  1  K
 0.141677891  10  6  1  k
 0.222503213  10  6  1  k
 0.238405161  10  6  1  k
 0.269175050  10  6  1  k
 0.282736025  10  6  1  k
 0.330920433  10  6  1  k
 0.360682211  10  6  1  k
 0.382463659  10  6  1  k
 0.426741659  10  6  1  k
 0.454774821  10  6  1  k
 0.483151204  10  6  1  k
 0.506755765  10  6  1  k
 0.533979404  10  6  1  k
 0.573598503  10  6  1  k
 0.608350093  10  6  1  k
 0.657765089  10  6  1  k
 0.688681154  10  6  1  k
 0.705449736  10  6  1  k
 0.740177173  10  6  1  k
 0.769446911  10  6  1  k
 0.810184228  10  6  1  k
 0.854335011  10  6  1  k
 0.896045269  10  6  1  k
 0.921684344  10  6  1  k
 0.943230134  10  6  1  k
 0.957583230  10  6  1  k
 0.989516802  10  6  1  k
 1.024916432  10  6  1  k
 1.056562910  10  6  1  k
 1.076018565  10  6  1  k
 1.087101939  10  6  1  k
 1.114429612  10  6  1  k
 1.144281086  10  6  1  k
 1.161581851  10  6  1  k
 1.181349729  10  6  1  k
 1.203940176  10  6  1  k
 1.217340380  10  6  1  k
 1.258106876  10  6  1  k
 1.286899836  10  6  1  k
 1.311186251  10  6  1  k
 1.333182169  10  6  1  k
 1.344012778  10  6  1  k
 1.366293612  10  6  1  k
 0.000000000  4  1  3  E
 0.002268371  4  2  3  E
 0.049137550  4  1  3  E
 0.078313877  4  1  3  e
 0.148536922  4  1  3  e
 0.197840362  4  1  3  e
 0.218675971  4  1  3  e
 0.234269927  4  1  3  e
 0.267477942  4  1  3  e
 0.283984212  4  1  3  e
 0.320827684  4  1  3  e
 0.336097824  4  1  3  e
 0.385881980  4  1  3  e
 0.403361697  4  1  3  e
 0.442329105  4  1  3  e
 0.458659172  4  1  3  e
 0.471518204  4  1  3  e
 0.510423828  4  1  3  e
 0.559743427  4  1  3  e
 0.595199735  4  1  3  e
 0.618479699  4  1  3  e
 0.654673926  4  1  3  e
 0.671596807  4  1  3  e
 0.714175749  4  1  3  e
 0.732436150  4  1  3  e
 0.749010975  4  1  3  e
 0.783755767  4  1  3  e
 0.810137082  4  1  3  e
 0.842035122  4  1  3  e
 0.870892354  4  1  3  e
 0.893907589  4  1  3  e
 0.914940863  4  1  3  e
 0.945606045  4  1  3  e
 0.988406733  4  1  3  e
 1.017951675  4  1  3  e
 1.045513504  4  1  3  e
 1.065055169  4  1  3  e
 1.113282922  4  1  3  e
 1.147198647  4  1  3  e
 1.185742746  4  1  3  e
 1.198217188  4  1  3  e
 1.237646287  4  1  3  e
 1.283241729  4  1  3  e
 1.331315723  4  1  3  e
 1.352997823  4  1  3  e
 1.381753919  4  1  3  e
 1.416048309  4  1  3  e
 1.442338687  4  1  3  e
 0.000000000  2  6  5  C
 0.001970807  2  6  5  c
 0.087566158  2  6  5  c
 0.104228774  2  6  5  c
 0.142380958  2  6  5  c
 0.167418092  2  6  5  c
 0.217639278  2  6  5  c
 0.251198530  2  6  5  c
 0.285133573  2  6  5  c
 0.295694637  2  6  5  c
 0.306713995  2  6  5  c
 0.342973695  2  6  5  c
 0.363184799  2  6  5  c
 0.396836314  2  6  5  c
 0.428767069  2  6  5  c
 0.442329039  2  6  5  c
 0.456907749  2  6  5  c
 0.504222740  2  6  5  c
 0.541731232  2  6  5  c
 0.588950744  2  6  5  c
 0.606797688  2  6  5  c
 0.654469212  2  6  5  c
 0.700360660  2  6  5  c
 0.746125766  2  6  5  c
 0.786896282  2  6  5  c
 0.828472749  2  6  5  c
 0.870894600  2  6  5  c
 0.913697045  2  6  5  c
 0.950619677  2  6  5  c
 0.985830213  2  6  5  c
 1.014913403  2  6  5  c
 1.028732136  2  6  5  c
 1.044680948  2  6  5  c
 1.081725967  2  6  5  c
 1.118782982  2  6  5  c
 1.156437912  2  6  5  c
 1.168693508  2  6  5  c
 1.193411658  2  6  5  c
 1.214795442  2  6  5  c
 1.248165997  2  6  5  c
 1.285112110  2  6  5  c
 1.331316851  2  6  5  c
 1.345450621  2  6  5  c
 1.370175566  2  6  5  c
 1.392253929  2  6  5  c
 1.408222309  2  6  5  c
 1.441668323  2  6  5  c
 1.490378399  2  6  5  c
 1.506631990  2  6  5  c
 1.549514503  2  6  5  c
 1.584750791  2  6  5  c
 1.614501560  2  6  5  c
 1.659658833  2  6  5  c
 0.000000000  13  6  1  N
 0.002815599  13  5  1  N
 0.024625516  13  5  1  n
 0.097184083  13  5  1  n
 0.132962314  13  5  1  n
 0.144018044  13  5  1  n
 0.192530940  13  5  1  n
 0.234187349  13  5  1  n
 0.261622985  13  5  1  n
 0.284163616  13  5  1  n
 0.298373036  13  5  1  n
 0.334647533  13  5  1  n
 0.379612322  13  5  1  n
 0.407864567  13  5  1  n
 0.456381052  13  5  1  n
 0.493290562  13  5  1  n
 0.529922764  13  5  1  n
 0.563281376  13  5  1  n
 0.608351650  13  5  1  n
 0.654438028  13  5  1  n
 0.692265707  13  5  1  n
 0.707676030  13  5  1  n
 0.736730925  13  5  1  n
 0.768330258  13  5  1  n
 0.812006052  13  5  1  n
 0.853693025  13  5  1  n
 0.865883644  13  5  1  n
 0.901450496  13  5  1  n
 0.945990768  13  5  1  n
 0.963646772  13  5  1  n
 0.993743036  13  5  1  n
 1.043611628  13  5  1  n
 1.076441601  13  5  1  n
 1.120263442  13  5  1  n
 1.133453528  13  5  1  n
 1.144382381  13  5  1  n
 1.194193243  13  5  1  n
 1.228862215  13  5  1  n
 1.261279637  13  5  1  n
 1.296544905  13  5  1  n
 1.320732776  13  5  1  n
 1.362994604  13  5  1  n
 1.407410024  13  5  1  n
 1.444240627  13  5  1  n
 1.462383737  13  5  1  n
 1.497737670  13  5  1  n
 1.538412306  13  5  1  n
 1.571345872  13  5  1  n
 1.611704972  13  5  1  n
 1.625108963  13  5  1  n
 1.663796995  13  5  1  n
 1.684930363  13  5  1  n
 1.711061879  13  5  1  n
 0.000000000  3  4  0  D
 0.002089445  3  3  0  D
 0.017354436  3  3  0  d
 0.114256722  3  3  0  d
 0.132519241  3  3  0  d
 0.154233214  3  3  0  d
 0.193759450  3  3  0  d
 0.228320899  3  3  0  d
 0.267137363  3  3  0  d
 0.315508623  3  3  0  d
 0.359395015  3  3  0  d
 0.399918792  3  3  0  d
 0.442315162  3  3  0  d
 0.471895209  3  3  0  d
 0.518064702  3  3  0  d
 0.548127583  3  3  0  d
 0.562651034  3  3  0  d
 0.586300385  3  3  0  d
 0.624199186  3  3  0  d
 0.668082279  3  3  0  d
 0.679612332  3  3  0  d
 0.715650664  3  3  0  d
 0.760519369  3  3  0  d
 0.787375785  3  3  0  d
 0.832921604  3  3  0  d
 0.854880514  3  3  0  d
 0.901511260  3  3  0  d
 0.931600167  3  3  0  d
 0.953058579  3  3  0  d
 0.976426114  3  3  0  d
 1.010067327  3  3  0  d
 1.020730550  3  3  0  d
 1.068430000  3  3  0  d
 1.087787424  3  3  0  d
 1.101397078  3  3  0  d
 1.139230033  3  3  0  d
 1.152411054  3  3  0  d
 1.189777255  3  3  0  d
 1.221766825  3  3  0  d
 1.249316318  3  3  0  d
 1.289553746  3  3  0  d
 1.302565050  3  3  0  d
 1.335259627  3  3  0  d
 1.381826989  3  3  0  d
 1.401359675  3  3  0  d
 1.444027694  3  3  0  d
 1.474408226  3  3  0  d
 1.496045710  3  3  0  d
 1.541945797  3  3  0  d
 1.558566453  3  3  0  d
 1.573627985  3  3  0  d
 1.587001620  3  3  0  d
 1.607848005  3  3  0  d
 1.641708069  3  3  0  d
 1.686720136  3  3  0  d
 1.699543348  3  3  0  d
 1.720091322  3  3  0  d
 1.750632502  3  3  0  d
 1.798366231  3  3  0  d
 1.838954876  3  3  0  d
 0.000000000  5  3  2  F
 0.002293272  5  3  1  F
 0.030825285  5  3  1  f
 0.113374094  5  3  1  f
 0.150641389  5  3  1  f
 0.188915254  5  3  1  f
 0.224059050  5  3  1  f
 0.272400462  5  3  1  f
 0.292092702  5  3  1  f
 0.306655299  5  3  1  f
 0.333173445  5  3  1  f
 0.346063542  5  3  1  f
 0.385860053  5  3  1  f
 0.400858572  5  3  1  f
 0.435495443  5  3  1  f
 0.478094494  5  3  1  f
 0.506640422  5  3  1  f
 0.538305107  5  3  1  f
 0.553105498  5  3  1  f
 0.597775791  5  3  1  f
 0.611703895  5  3  1  f
 0.639001578  5  3  1  f
 0.673973080  5  3  1  f
 0.713934547  5  3  1  f
 0.736728349  5  3  1  f
 0.783415804  5  3  1  f
 0.828736039  5  3  1  f
 0.857680846  5  3  1  f
 0.896675923  5  3  1  f
 0.907869460  5  3  1  f
 0.943448380  5  3  1  f
 0.957234597  5  3  1  f
 0.974871352  5  3  1  f
 1.006716042  5  3  1  f
 1.029054607  5  3  1  f
 1.039332452  5  3  1  f
 1.075230745  5  3  1  f
 1.117390711  5  3  1  f
 1.132318937  5  3  1  f
 1.163917272  5  3  1  f
 1.194860246  5  3  1  f
 1.212743866  5  3  1  f
 1.255806273  5  3  1  f
 1.295038647  5  3  1  f
 1.311186203  5  3  1  f
 1.350450671  5  3  1  f
 1.390262847  5  3  1  f
 1.432785635  5  3  1  f
 1.445263845  5  3  1  f
 1.470271587  5  3  1  f
 1.490518196  5  3  1  f
 1.507371549  5  3  1  f
 1.555174652  5  3  1  f
 1.583461119  5  3  1  f
 1.594520859  5  3  1  f
 1.636614089  5  3  1  f
 1.648950008  5  3  1  f
 1.664261750  5  3  1  f
 1.682563813  5  3  1  f
 1.727116465  5  3  1  f
 1.776390016  5  3  1  f
 1.810536174  5  3  1  f
 1.828512964  5  3  1  f
 1.867064332  5  3  1  f
 1.902802076  5  3  1  f
 0.000000000  7  2  5  H
 0.002485713  7  2  4  H
 0.037449443  7  2  3  H
 0.087599149  7  2  4  H
 0.116206430  7  2  3  H
 0.148712298  7  2  4  H
 0.189382050  7  1  4  H
 0.235735726  7  1  4  h
 0.321450008  7  1  4  h
 0.363957334  7  1  4  h
 0.403436724  7  1  4  h
 0.449002731  7  1  4  h
 0.478852219  7  1  4  h
 0.502818169  7  1  4  h
 0.537265218  7  1  4  h
 0.566677849  7  1  4  h
 0.601845007  7  1  4  h
 0.626764339  7  1  4  h
 0.669456573  7  1  4  h
 0.710620467  7  1  4  h
 0.729182041  7  1  4  h
 0.772353454  7  1  4  h
 0.814529526  7  1  4  h
 0.854051936  7  1  4  h
 0.882256341  7  1  4  h
 0.909326845  7  1  4  h
 0.937140495  7  1  4  h
 0.971133506  7  1  4  h
 1.009184434  7  1  4  h
 1.053872961  7  1  4  h
 1.075726253  7  1  4  h
 1.099740658  7  1  4  h
 1.133705212  7  1  4  h
 1.156353905  7  1  4  h
 1.190399504  7  1  4  h
 1.206251881  7  1  4  h
 1.245620276  7  1  4  h
 1.281308039  7  1  4  h
 1.309402880  7  1  4  h
 1.341885435  7  1  4  h
 1.378041226  7  1  4  h
 1.397488402  7  1  4  h
 1.418749107  7  1  4  h
 1.454447890  7  1  4  h
 1.484621186  7  1  4  h
 1.534508474  7  1  4  h
 1.570024822  7  1  4  h
 1.613541681  7  1  4  h
 1.640734390  7  1  4  h
 1.680365587  7  1  4  h
 1.698760737  7  1  4  h
 1.741166666  7  1  4  h
 1.757185245  7  1  4  h
 1.782650197  7  1  4  h
 1.820104008  7  1  4  h
 1.858821190  7  1  4  h
 1.907351723  7  1  4  h
 1.939522663  7  1  4  h
 0.000000000  11  4  3  L
 0.002668889  11  3  3  L
 0.028816275  11  3  2  L
 0.058266277  11  3  3  L
 0.096692180  11  3  4  L
 0.115079067  11  3  4  l
 0.190866327  11  3  4  l
 0.207432844  11  3  4  l
 0.225094748  11  3  4  l
 0.270479658  11  3  4  l
 0.281533648  11  3  4  l
 0.300409002  11  3  4  l
 0.333177117  11  3  4  l
 0.348270577  11  3  4  l
 0.396473468  11  3  4  l
 0.431741064  11  3  4  l
 0.450633035  11  3  4  l
 0.484035732  11  3  4  l
 0.508739055  11  3  4  l
 0.536568258  11  3  4  l
 0.560183186  11  3  4  l
 0.577561929  11  3  4  l
 0.594816659  11  3  4  l
 0.632707920  11  3  4  l
 0.681477906  11  3  4  l
 0.723346245  11  3  4  l
 0.766910393  11  3  4  l
 0.809410698  11  3  4  l
 0.858891056  11  3  4  l
 0.899759224  11  3  4  l
 0.944595677  11  3  4  l
 0.982854395  11  3  4  l
 1.018149484  11  3  4  l
 1.054966501  11  3  4  l
 1.074103350  11  3  4  l
 1.104175067  11  3  4  l
 1.140810161  11  3  4  l
 1.169763268  11  3  4  l
 1.212764151  11  3  4  l
 1.253938104  11  3  4  l
 1.270996254  11  3  4  l
 1.292700602  11  3  4  l
 1.315809087  11  3  4  l
 1.341832269  11  3  4  l
 1.369070823  11  3  4  l
 1.410937674  11  3  4  l
 1.452747249  11  3  4  l
 1.496953628  11  3  4  l
 1.525285780  11  3  4  l
 1.547380778  11  3  4  l
 1.561322704  11  3  4  l
 1.581170591  11  3  4  l
 1.621672420  11  3  4  l
 1.649378779  11  3  4  l
 1.685519606  11  3  4  l
 1.720103684  11  3  4  l
 1.730512512  11  3  4  l
 1.744770412  11  3  4  l
 1.758614167  11  3  4  l
 1.768968663  11  3  4  l
 1.803035770  11  3  4  l
 1.836992715  11  3  4  l
 1.880107317  11  3  4  l
 1.921863990  11  3  4  l
 1.934596502  11  3  4  l
 1.968989365  11  3  4  l
 1.983338887  11  3  4  l
 1.995740297  11  3  4  l
 2.025177437  11  3  4  l
 2.065634248  11  3  4  l
 2.095406581  11  3  4  l
 2.109983642  11  3  4  l
 2.143261478  11  3  4  l
 2.178317735  11  3  4  l
 2.205873038  11  3  4  l
 2.237181239  11  3  4  l
 2.272830173  11  3  4  l
 2.292219144  11  3  4  l
 2.318112693  11  3  4  l
 2.338934448  11  3  4  l
 2.381045792  11  3  4  l
 2.391605588  11  3  4  l
 2.438239330  11  3  4  l
 0.000000000  12  4  6  M
 0.002690768  12  4  0  M
 0.025310207  12  5  0  M
 0.040055871  12  5  0  m
 0.127754024  12  5  0  m
 0.151683270  12  5  0  m
 0.201477446  12  5  0  m
 0.216924780  12  5  0  m
 0.236162582  12  5  0  m
 0.249610038  12  5  0  m
 0.289734817  12  5  0  m
 0.339824115  12  5  0  m
 0.387363261  12  5  0  m
 0.399770979  12  5  0  m
 0.443702106  12  5  0  m
 0.490467314  12  5  0  m
 0.509802997  12  5  0  m
 0.541912821  12  5  0  m
 0.558613968  12  5  0  m
 0.596939597  12  5  0  m
 0.640174130  12  5  0  m
 0.653497027  12  5  0  m
 0.668779506  12  5  0  m
 0.688109646  12  5  0  m
 0.719743337  12  5  0  m
 0.755611291  12  5  0  m
 0.792801226  12  5  0  m
 0.831557882  12  5  0  m
 0.845008453  12  5  0  m
 0.886736368  12  5  0  m
 0.915382756  12  5  0  m
 0.954586921  12  5  0  m
 0.978043066  12  5  0  m
 1.005727697  12  5  0  m
 1.040453767  12  5  0  m
 1.067677570  12  5  0  m
 1.084493289  12  5  0  m
 1.118766453  12  5  0  m
 1.129038553  12  5  0  m
 1.161636972  12  5  0  m
 1.179566043  12  5  0  m
 1.207169624  12  5  0  m
 1.225477732  12  5  0  m
 1.239169003  12  5  0  m
 1.284220823  12  5  0  m
 1.331889649  12  5  0  m
 1.351010172  12  5  0  m
 1.393818765  12  5  0  m
 1.405610236  12  5  0  m
 1.454250518  12  5  0  m
 1.502709399  12  5  0  m
 1.513276487  12  5  0  m
 1.547956293  12  5  0  m
 1.578203975  12  5  0  m
 1.623267747  12  5  0  m
 1.660232743  12  5  0  m
 1.680404793  12  5  0  m
 1.712107046  12  5  0  m
 1.728748835  12  5  0  m
 1.742529989  12  5  0  m
 1.784422769  12  5  0  m
 1.815131553  12  5  0  m
 1.843273374  12  5  0  m
 1.870960409  12  5  0  m
 1.910523799  12  5  0  m
 1.939598474  12  5  0  m
 1.962357734  12  5  0  m
 1.973947047  12  5  0  m
 1.988300585  12  5  0  m
 2.032396442  12  5  0  m
 2.079271689  12  5  0  m
 2.093552423  12  5  0  m
 2.140653820  12  5  0  m
 2.183061143  12  5  0  m
 2.202220592  12  5  0  m
 2.218483025  12  5  0  m
 2.262602618  12  5  0  m
 2.286637806  12  5  0  m
 2.304761574  12  5  0  m
 2.346501443  12  5  0  m
 2.375895008  12  5  0  m
 2.392801313  12  5  0  m
 2.432567600  12  5  0  m
 2.452221804  12  5  0  m
 2.487727721  12  5  0  m
 2.530720122  12  5  0  m
 0.000000000  1  5  5  B
 0.001875239  1  5  5  b
 0.075354561  1  5  5  b
 0.095237108  1  5  5  b
 0.124640055  1  5  5  b
 0.162393574  1  5  5  b
 0.182052998  1  5  5  b
 0.205443439  1  5  5  b
 0.222922390  1  5  5  b
 0.259971046  1  5  5  b
 0.286288353  1  5  5  b
 0.307010594  1  5  5  b
 0.329462612  1  5  5  b
 0.372310524  1  5  5  b
 0.400000648  1  5  5  b
 0.442669501  1  5  5  b
 0.467733702  1  5  5  b
 0.506518727  1  5  5  b
 0.538027727  1  5  5  b
 0.564244042  1  5  5  b
 0.612786175  1  5  5  b
 0.626115526  1  5  5  b
 0.643136911  1  5  5  b
 0.662155108  1  5  5  b
 0.682221005  1  5  5  b
 0.708251054  1  5  5  b
 0.726670709  1  5  5  b
 0.743222077  1  5  5  b
 0.765444109  1  5  5  b
 0.778951226  1  5  5  b
 0.824656450  1  5  5  b
 0.854248503  1  5  5  b
 0.874469439  1  5  5  b
 0.894771685  1  5  5  b
 0.911439807  1  5  5  b
 0.927492351  1  5  5  b
 0.973924991  1  5  5  b
 1.018237388  1  5  5  b
 1.038731762  1  5  5  b
 1.069861961  1  5  5  b
 1.087114459  1  5  5  b
 1.105113209  1  5  5  b
 1.154950752  1  5  5  b
 1.172869013  1  5  5  b
 1.214007863  1  5  5  b
 1.234880113  1  5  5  b
 1.265071260  1  5  5  b
 1.311405301  1  5  5  b
 1.325807640  1  5  5  b
 1.364724942  1  5  5  b
 1.375845808  1  5  5  b
 1.412965616  1  5  5  b
 1.438256965  1  5  5  b
 1.488260814  1  5  5  b
 1.524484909  1  5  5  b
 1.548193975  1  5  5  b
 1.560821496  1  5  5  b
 1.595683549  1  5  5  b
 1.627135852  1  5  5  b
 1.656367136  1  5  5  b
 1.693365726  1  5  5  b
 1.713194714  1  5  5  b
 1.747807457  1  5  5  b
 1.775724868  1  5  5  b
 1.799042423  1  5  5  b
 1.826701226  1  5  5  b
 1.852990194  1  5  5  b
 1.878470564  1  5  5  b
 1.897864925  1  5  5  b
 1.921369303  1  5  5  b
 1.956811970  1  5  5  b
 1.988630552  1  5  5  b
 2.013277290  1  5  5  b
 2.033567420  1  5  5  b
 2.081117169  1  5  5  b
 2.130642226  1  5  5  b
 2.167770015  1  5  5  b
 2.208520853  1  5  5  b
 2.240981145  1  5  5  b
 2.259927828  1  5  5  b
 2.275234998  1  5  5  b
 2.313430689  1  5  5  b
 2.360146088  1  5  5  b
 2.392504225  1  5  5  b
 2.440776273  1  5  5  b
 2.477918918  1  5  5  b
 2.509561547  1  5  5  b
 2.523702871  1  5  5  b
 2.573492291  1  5  5  b
 2.611396178  1  5  5  b
 2.629311728  1  5  5  b
 2.667589116  1  5  5  b
