-1  15  15  15
 0.000000000  14  14  14  O
 0.019061950  14  14  0  O
 0.048840330  14  14  1  O
 0.081826918  14  14  2  O
 0.109323377  14  14  3  O
 0.159108451  14  14  4  O
 0.215551327  14  14  5  O
 0.260055405  14  14  6  O
 0.297078545  14  14  7  O
 0.323506096  14  14  8  O
 0.355879801  14  14  9  O
 0.378732653  14  14  10  O
 0.393642579  14  14  11  O
 0.439712435  14  14  12  O
 0.000000000  8  8  8  I
 0.021204920  8  8  7  I
 0.042041366  8  8  6  I
 0.087796052  8  8  5  I
 0.099612989  8  8  4  I
 0.131589149  8  8  3  I
 0.171192532  8  8  2  I
 0.192757068  8  8  1  I
 0.207686180  8  8  0  I
 0.246174670  8  8  14  I
 0.287858153  8  8  13  I
 0.334343123  8  8  12  I
 0.375373418  8  8  11  I
 0.385862580  8  8  10  I
 0.425550240  8  8  9  I
 0.464270357  8  8  8  I
 0.520705924  8  8  7  I
 0.555611974  8  8  6  I
 0.571129516  8  8  5  I
 0.000000000  5  5  5  F
 0.049658068  5  4  5  F
 0.094736300  5  3  5  F
 0.132402679  5  2  5  F
 0.155094344  5  1  5  F
 0.167808701  5  0  5  F
 0.194139420  5  14  5  F
 0.215539990  5  13  5  F
 0.252485545  5  12  5  F
 0.291845630  5  11  5  F
 0.359592464  5  10  5  F
 0.372170645  5  9  5  F
 0.417481210  5  8  5  F
 0.450451094  5  7  5  F
 0.482318126  5  6  5  F
 0.523322167  5  5  5  F
 0.561941206  5  4  5  F
 0.592870066  5  3  5  F
 0.614301463  5  2  5  F
 0.649063495  5  1  5  F
 0.671281816  5  0  5  F
 0.683373946  5  14  5  F
 0.727738627  5  13  5  F
 0.776883392  5  12  5  F
 0.820460781  5  11  5  F
 0.867048905  5  10  5  F
 0.886872845  5  9  5  F
 0.910149437  5  9  5  f
 0.000000000  12  12  12  M
 0.040070498  12  12  11  M
 0.062823730  12  12  10  M
 0.090613314  12  12  9  M
 0.104562517  12  12  8  M
 0.124402482  12  12  7  M
 0.168523279  12  12  6  M
 0.184004285  12  12  5  M
 0.222580246  12  12  4  M
 0.247286758  12  12  3  M
 0.296606543  12  12  2  M
 0.322884279  12  12  1  M
 0.363814970  12  12  0  M
 0.381137091  12  12  14  M
 0.414001032  12  12  13  M
 0.445267314  12  12  12  M
 0.494145141  12  12  11  M
 0.513928326  12  12  10  M
 0.544199019  12  12  9  M
 0.572287616  12  12  8  M
 0.618924344  12  12  7  M
 0.666163869  12  12  6  M
 0.683878853  12  12  5  M
 0.710886578  12  12  4  M
 0.758090005  12  12  3  M
 0.797281527  12  12  2  M
 0.810784866  12  12  1  M
 0.858467020  12  12  0  M
 0.891205857  12  12  14  M
 0.918011724  12  12  13  M
 0.945216701  12  12  12  M
 0.981529920  12  12  11  M
 1.023711416  12  12  10  M
 1.045468346  12  12  9  M
 1.080464812  12  12  8  M
 1.121829095  12  12  7  M
 1.152528319  12  12  6  M
 1.189588489  12  12  5  M
 0.000000000  4  4  4  E
 0.036341016  4  4  3  E
 0.061030225  4  4  2  E
 0.100414388  4  4  1  E
 0.146909896  4  4  0  E
 0.178596988  4  4  14  E
 0.227057402  4  4  13  E
 0.268448858  4  4  12  E
 0.288910884  4  4  11  E
 0.302700886  4  4  10  E
 0.313592248  4  4  9  E
 0.362715431  4  4  8  E
 0.395927099  4  4  7  E
 0.438742289  4  4  6  E
 0.464235917  4  4  5  E
 0.496125858  4  4  4  E
 0.535967991  4  4  3  E
 0.558636902  4  4  2  E
 0.570226415  4  4  1  E
 0.591799069  4  4  0  E
 0.620226325  4  4  14  E
 0.661636909  4  4  13  E
 0.698752968  4  4  12  E
 0.736668594  4  4  11  E
 0.774294451  4  4  10  E
 0.784819456  4  4  9  E
 0.814184940  4  4  8  E
 0.831586566  4  4  7  E
 0.861542409  4  4  6  E
 0.876721763  4  4  5  E
 0.909642886  4  4  4  E
 0.926410889  4  4  3  E
 0.965461567  4  4  2  E
 1.009362992  4  4  1  E
 1.041715032  4  4  0  E
 1.059598145  4  4  14  E
 1.091902660  4  4  13  E
 1.130199940  4  4  12  E
 1.145207801  4  4  11  E
 1.194802725  4  4  10  E
 1.225414733  4  4  9  E
 1.274406753  4  4  8  E
 1.289876952  4  4  7  E
 1.306003145  4  4  6  E
 1.334600405  4  4  5  E
 1.378268385  4  4  4  E
 1.394432775  4  4  3  E
 1.405328619  4  4  2  E
 1.440905032  4  4  1  E
 1.455411763  4  4  0  E
 0.000000000  6  6  6  G
 0.022835982  6  6  5  G
 0.070708035  6  6  4  G
 0.104562087  6  6  3  G
 0.143693057  6  6  2  G
 0.162568088  6  6  1  G
 0.188278936  6  6  0  G
 0.233155071  6  6  14  G
 0.258739758  6  6  13  G
 0.282112931  6  6  12  G
 0.326516786  6  6  11  G
 0.356433920  6  6  10  G
 0.375184310  6  6  9  G
 0.387668732  6  6  8  G
 0.419858323  6  6  7  G
 0.459190405  6  6  6  G
 0.523333102  6  6  5  G
 0.551314126  6  6  4  G
 0.588133776  6  6  3  G
 0.610757382  6  6  2  G
 0.649216343  6  6  1  G
 0.692962411  6  6  0  G
 0.741809555  6  6  14  G
 0.768680429  6  6  13  G
 0.805628090  6  6  12  G
 0.848822349  6  6  11  G
 0.879472804  6  6  10  G
 0.900865333  6  6  9  G
 0.930735612  6  6  8  G
 0.958880998  6  6  7  G
 0.997972586  6  6  6  G
 1.018488237  6  6  5  G
 1.064598707  6  6  4  G
 1.112020886  6  6  3  G
 1.126460534  6  6  2  G
 1.166326155  6  6  1  G
 1.181787066  6  6  0  G
 1.198574832  6  6  14  G
 1.228458801  6  6  13  G
 1.259368976  6  6  12  G
 1.285040236  6  6  11  G
 1.306549403  6  6  10  G
 1.329825869  6  6  9  G
 1.342350013  6  6  8  G
 1.387372894  6  6  7  G
 1.413411033  6  6  6  G
 1.451763328  6  6  5  G
 1.469456970  6  6  4  G
 1.504331028  6  6  3  G
 0.000000000  1  1  1  B
 0.047763737  1  0  1  B
 0.081959352  1  14  1  B
 0.093116611  1  13  1  B
 0.132047583  1  12  1  B
 0.159199900  1  11  1  B
 0.211492789  1  10  1  B
 0.224120669  1  9  1  B
 0.256482628  1  8  1  B
 0.269223266  1  7  1  B
 0.311975546  1  6  1  B
 0.323448639  1  5  1  B
 0.340142379  1  4  1  B
 0.360199553  1  3  1  B
 0.381436166  1  2  1  B
 0.412830017  1  1  1  B
 0.438729708  1  0  1  B
 0.465993974  1  14  1  B
 0.507757513  1  13  1  B
 0.525299439  1  12  1  B
 0.561349188  1  11  1  B
 0.587050337  1  10  1  B
 0.603185823  1  9  1  B
 0.640383949  1  8  1  B
 0.672842657  1  7  1  B
 0.705666004  1  6  1  B
 0.731971710  1  5  1  B
 0.770644611  1  4  1  B
 0.794787090  1  3  1  B
 0.831081682  1  2  1  B
 0.859328544  1  1  1  B
 0.883878822  1  0  1  B
 0.898661794  1  14  1  B
 0.920566283  1  13  1  B
 0.941234070  1  12  1  B
 0.989572184  1  11  1  B
 1.029767121  1  10  1  B
 1.045004849  1  9  1  B
 1.074043710  1  8  1  B
 1.112330088  1  7  1  B
 1.151020173  1  6  1  B
 1.165087829  1  5  1  B
 1.206267185  1  4  1  B
 1.241617086  1  3  1  B
 1.277840884  1  2  1  B
 1.290657246  1  1  1  B
 1.307290106  1  0  1  B
 1.337506422  1  14  1  B
 1.360865353  1  13  1  B
 1.380024826  1  12  1  B
 1.390797310  1  11  1  B
 1.401948131  1  10  1  B
 1.449845873  1  9  1  B
 1.469028130  1  8  1  B
 1.486870715  1  7  1  B
 1.514472962  1  6  1  B
 0.000000000  7  7  7  H
 0.049232180  7  6  7  H
 0.094309203  7  5  7  H
 0.126313703  7  4  7  H
 0.169519886  7  3  7  H
 0.180003699  7  2  7  H
 0.223644176  7  1  7  H
 0.245260489  7  0  7  H
 0.271885642  7  14  7  H
 0.296924063  7  13  7  H
 0.342957783  7  12  7  H
 0.363187970  7  11  7  H
 0.417668646  7  10  7  H
 0.433885149  7  9  7  H
 0.478631399  7  8  7  H
 0.520690306  7  7  7  H
 0.530980888  7  6  7  H
 0.555054575  7  5  7  H
 0.566353683  7  4  7  H
 0.604457266  7  3  7  H
 0.626028413  7  2  7  H
 0.654689991  7  1  7  H
 0.690347592  7  0  7  H
 0.724369786  7  14  7  H
 0.767129436  7  13  7  H
 0.790327976  7  12  7  H
 0.831306936  7  11  7  H
 0.872118802  7  10  7  H
 0.884353936  7  9  7  H
 0.924731575  7  8  7  H
 0.957471577  7  7  7  H
 0.998108212  7  6  7  H
 1.013269830  7  5  7  H
 1.056118720  7  4  7  H
 1.097158736  7  3  7  H
 1.126554652  7  2  7  H
 1.169666417  7  1  7  H
 1.225031290  7  0  7  H
 1.263821125  7  14  7  H
 1.276649403  7  13  7  H
 1.310261124  7  12  7  H
 1.322384652  7  11  7  H
 1.352730403  7  10  7  H
 1.367903316  7  9  7  H
 1.399137844  7  8  7  H
 1.443370003  7  7  7  H
 1.471502060  7  6  7  H
 1.519449541  7  5  7  H
 1.531235468  7  4  7  H
 1.564113434  7  3  7  H
 1.605801578  7  2  7  H
 1.654384590  7  1  7  H
 0.000000000  11  11  11  L
 0.016954688  11  12  11  L
 0.040061040  11  13  11  L
 0.079841503  11  14  11  L
 0.101408176  11  0  11  L
 0.119460284  11  1  11  L
 0.157696466  11  2  11  L
 0.180023313  11  3  11  L
 0.203261514  11  4  11  L
 0.217194680  11  5  11  L
 0.264782163  11  6  11  L
 0.299732071  11  7  11  L
 0.325205177  11  8  11  L
 0.341876395  11  9  11  L
 0.368279334  11  10  11  L
 0.415497536  11  11  11  L
 0.463152672  11  12  11  L
 0.494132875  11  13  11  L
 0.536113892  11  14  11  L
 0.558597365  11  0  11  L
 0.608273670  11  1  11  L
 0.632890192  11  2  11  L
 0.664391852  11  3  11  L
 0.680357069  11  4  11  L
 0.702829750  11  5  11  L
 0.729804239  11  6  11  L
 0.747355752  11  7  11  L
 0.777096168  11  8  11  L
 0.803483819  11  9  11  L
 0.819038505  11  10  11  L
 0.859759829  11  11  11  L
 0.897152298  11  12  11  L
 0.924965999  11  13  11  L
 0.947540277  11  14  11  L
 0.987943099  11  0  11  L
 1.008175915  11  1  11  L
 1.033813115  11  2  11  L
 1.065694877  11  3  11  L
 1.083154980  11  4  11  L
 1.101939099  11  5  11  L
 1.118624039  11  6  11  L
 1.145521950  11  7  11  L
 1.192258900  11  8  11  L
 1.219141823  11  9  11  L
 1.262622193  11  10  11  L
 1.305585303  11  11  11  L
 1.352041440  11  12  11  L
 1.400549118  11  13  11  L
 1.440079435  11  14  11  L
 1.474511005  11  0  11  L
 1.499265365  11  1  11  L
 1.513643566  11  2  11  L
 1.524362278  11  3  11  L
 1.538485080  11  4  11  L
 1.558233154  11  5  11  L
 1.594808944  11  6  11  L
 1.620193008  11  7  11  L
 1.662035767  11  8  11  L
 1.674124477  11  9  11  L
 1.695560971  11  10  11  L
 1.710073009  11  11  11  L
 1.736924809  11  12  11  L
 1.750103436  11  13  11  L
 1.763167395  11  14  11  L
 1.800062855  11  0  11  L
 0.000000000  3  3  3  D
 0.015878268  3  2  3  D
 0.055205724  3  1  3  D
 0.081286124  3  0  3  D
 0.159175515  3  14  3  D
 0.194014647  3  13  3  D
 0.216543648  3  12  3  D
 0.247203892  3  11  3  D
 0.299610301  3  10  3  D
 0.335347181  3  9  3  D
 0.361674402  3  8  3  D
 0.402815430  3  7  3  D
 0.424571406  3  6  3  D
 0.472744878  3  5  3  D
 0.495674418  3  4  3  D
 0.535954964  3  3  3  D
 0.574946000  3  2  3  D
 0.588294525  3  1  3  D
 0.636289925  3  0  3  D
 0.651699262  3  14  3  D
 0.673636824  3  13  3  D
 0.705618819  3  12  3  D
 0.731372283  3  11  3  D
 0.756383083  3  10  3  D
 0.797461806  3  9  3  D
 0.826291415  3  8  3  D
 0.843403667  3  7  3  D
 0.873451132  3  6  3  D
 0.918906805  3  5  3  D
 0.965559341  3  4  3  D
 0.990629476  3  3  3  D
 1.012688166  3  2  3  D
 1.047289718  3  1  3  D
 1.060398309  3  0  3  D
 1.089269027  3  14  3  D
 1.121414630  3  13  3  D
 1.148008401  3  12  3  D
 1.189306019  3  11  3  D
 1.229553096  3  10  3  D
 1.274506197  3  9  3  D
 1.323554438  3  8  3  D
 1.360794910  3  7  3  D
 1.408887561  3  6  3  D
 1.448079989  3  5  3  D
 1.486179708  3  4  3  D
 1.501636394  3  3  3  D
 1.531947416  3  2  3  D
 1.562267244  3  1  3  D
 1.576118967  3  0  3  D
 1.612360918  3  14  3  D
 1.649758267  3  13  3  D
 1.697687549  3  12  3  D
 1.727281774  3  11  3  D
 1.740089536  3  10  3  D
 1.776718986  3  9  3  D
 1.821293474  3  8  3  D
 1.838698209  3  7  3  D
 1.864333572  3  7  3  d
 0.000000000  0  0  0  A
 0.034080219  0  0  14  A
 0.057401449  0  0  13  A
 0.106673240  0  0  12  A
 0.137215488  0  0  11  A
 0.182667193  0  0  10  A
 0.195631392  0  0  9  A
 0.223529633  0  0  8  A
 0.271994608  0  0  7  A
 0.284207826  0  0  6  A
 0.300843885  0  0  5  A
 0.336553227  0  0  4  A
 0.370502787  0  0  3  A
 0.399496890  0  0  2  A
 0.419015697  0  0  1  A
 0.438610681  0  0  0  A
 0.484729194  0  0  14  A
 0.523071526  0  0  13  A
 0.566993198  0  0  12  A
 0.608284632  0  0  11  A
 0.627017313  0  0  10  A
 0.653048166  0  0  9  A
 0.681140017  0  0  8  A
 0.724518994  0  0  7  A
 0.746159038  0  0  6  A
 0.757349888  0  0  5  A
 0.774989190  0  0  4  A
 0.792744792  0  0  3  A
 0.804738108  0  0  2  A
 0.842812251  0  0  1  A
 0.866469551  0  0  0  A
 0.911454452  0  0  14  A
 0.946249828  0  0  13  A
 0.995302728  0  0  12  A
 1.017713024  0  0  11  A
 1.060333217  0  0  10  A
 1.103426154  0  0  9  A
 1.147886861  0  0  8  A
 1.194354378  0  0  7  A
 1.224899929  0  0  6  A
 1.243568609  0  0  5  A
 1.286553562  0  0  4  A
 1.324673541  0  0  3  A
 1.356295055  0  0  2  A
 1.373270671  0  0  1  A
 1.415676162  0  0  0  A
 1.459951208  0  0  14  A
 1.491868497  0  0  13  A
 1.523888382  0  0  12  A
 1.563583665  0  0  11  A
 1.605296306  0  0  10  A
 1.617765070  0  0  9  A
 1.630249587  0  0  8  A
 1.672413093  0  0  7  A
 1.686391623  0  0  6  A
 1.712550539  0  0  5  A
 1.726544950  0  0  4  A
 1.756414611  0  0  3  A
 1.778451313  0  0  2  A
 1.795365206  0  0  1  A
 1.829250302  0  0  0  A
 1.852231010  0  0  14  A
 1.869341843  0  0  13  A
 1.909066038  0  0  12  A
 1.939528669  0  0  12  a
 0.000000000  13  13  13  N
 0.048591706  13  14  13  N
 0.106758269  13  0  13  N
 0.153235715  13  1  13  N
 0.191657390  13  2  13  N
 0.217636401  13  3  13  N
 0.268570683  13  4  13  N
 0.280822624  13  5  13  N
 0.305157106  13  6  13  N
 0.327507022  13  7  13  N
 0.368162488  13  8  13  N
 0.404174416  13  9  13  N
 0.445872139  13  10  13  N
 0.468038165  13  11  13  N
 0.492284425  13  12  13  N
 0.538511531  13  13  13  N
 0.564928333  13  14  13  N
 0.604585637  13  0  13  N
 0.632955875  13  1  13  N
 0.672945262  13  2  13  N
 0.706019110  13  3  13  N
 0.754570380  13  4  13  N
 0.790512181  13  5  13  N
 0.839088372  13  6  13  N
 0.884892816  13  7  13  N
 0.905930575  13  8  13  N
 0.945015627  13  9  13  N
 0.961448300  13  10  13  N
 1.008506476  13  11  13  N
 1.020852536  13  12  13  N
 1.052736775  13  13  13  N
 1.094850520  13  14  13  N
 1.121225430  13  0  13  N
 1.150537062  13  1  13  N
 1.198962886  13  2  13  N
 1.223057982  13  3  13  N
 1.233470906  13  4  13  N
 1.266292960  13  5  13  N
 1.295294650  13  6  13  N
 1.340055246  13  7  13  N
 1.368011404  13  8  13  N
 1.415585862  13  9  13  N
 1.448441285  13  10  13  N
 1.486079097  13  11  13  N
 1.512936849  13  12  13  N
 1.549056831  13  13  13  N
 1.593385820  13  14  13  N
 1.623015233  13  0  13  N
 1.659303210  13  1  13  N
 1.698544831  13  2  13  N
 1.721717725  13  3  13  N
 1.763360863  13  4  13  N
 1.808513358  13  5  13  N
 1.858529244  13  6  13  N
 1.875464681  13  7  13  N
 1.913912598  13  8  13  N
 1.944083676  13  9  13  N
 1.986027652  13  10  13  N
 2.010853370  13  11  13  N
 2.036930907  13  12  13  N
 2.078318227  13  13  13  N
 2.098648138  13  14  13  N
 2.138521750  13  0  13  N
 2.171739256  13  1  13  N
 2.200663290  13  2  13  N
 2.217957329  13  3  13  N
 2.257894723  13  4  13  N
 2.296474194  13  5  13  N
 0.000000000  2  2  2  C
 0.030464732  2  2  1  C
 0.079821264  2  2  0  C
 0.109258560  2  2  14  C
 0.121225549  2  2  13  C
 0.160670106  2  2  12  C
 0.195663904  2  2  11  C
 0.236862184  2  2  10  C
 0.283135166  2  2  9  C
 0.315785834  2  2  8  C
 0.339812383  2  2  7  C
 0.376469401  2  2  6  C
 0.399512690  2  2  5  C
 0.427232512  2  2  4  C
 0.446725769  2  2  3  C
 0.476147133  2  2  2  C
 0.498922616  2  2  1  C
 0.545584597  2  2  0  C
 0.581810878  2  2  14  C
 0.601151631  2  2  13  C
 0.637555721  2  2  12  C
 0.664504282  2  2  11  C
 0.704298855  2  2  10  C
 0.757760687  2  2  9  C
 0.771759898  2  2  8  C
 0.818110839  2  2  7  C
 0.847108936  2  2  6  C
 0.892779653  2  2  5  C
 0.934944682  2  2  4  C
 0.963807058  2  2  3  C
 1.012664725  2  2  2  C
 1.060142023  2  2  1  C
 1.071898973  2  2  0  C
 1.089926348  2  2  14  C
 1.111029096  2  2  13  C
 1.136309136  2  2  12  C
 1.168683885  2  2  11  C
 1.181938624  2  2  10  C
 1.213133549  2  2  9  C
 1.246869167  2  2  8  C
 1.268980670  2  2  7  C
 1.305987197  2  2  6  C
 1.320561496  2  2  5  C
 1.352614558  2  2  4  C
 1.363336687  2  2  3  C
 1.393211114  2  2  2  C
 1.407884170  2  2  1  C
 1.456594127  2  2  0  C
 1.474511035  2  2  14  C
 1.515523700  2  2  13  C
 1.564236475  2  2  12  C
 1.612599561  2  2  11  C
 1.626125464  2  2  10  C
 1.666942949  2  2  9  C
 1.710809725  2  2  8  C
 1.744927620  2  2  7  C
 1.787619688  2  2  6  C
 1.798847970  2  2  5  C
 1.840791290  2  2  4  C
 1.880883165  2  2  3  C
 1.900150468  2  2  2  C
 1.923974394  2  2  1  C
 1.957016569  2  2  0  C
 1.977754214  2  2  14  C
 2.013948328  2  2  13  C
 2.039841877  2  2  12  C
 2.057525451  2  2  11  C
 2.094588215  2  2  10  C
 2.140978191  2  2  9  C
 2.154095224  2  2  8  C
 2.171270519  2  2  7  C
 2.206462290  2  2  6  C
 2.255920576  2  2  5  C
 2.293004280  2  2  4  C
 2.320284162  2  2  3  C
 2.361263524  2  2  2  C
 0.000000000  9  9  9  J
 0.048305627  9  8  9  J
 0.071743989  9  7  9  J
 0.116518633  9  6  9  J
 0.142230083  9  5  9  J
 0.162404585  9  4  9  J
 0.198888741  9  3  9  J
 0.216886068  9  2  9  J
 0.258739906  9  1  9  J
 0.281896719  9  0  9  J
 0.328176804  9  14  9  J
 0.355795356  9  13  9  J
 0.369663405  9  12  9  J
 0.412374531  9  11  9  J
 0.480255852  9  10  9  J
 0.491761976  9  9  9  J
 0.514639233  9  8  9  J
 0.528077088  9  7  9  J
 0.575350930  9  6  9  J
 0.622707945  9  5  9  J
 0.659782780  9  4  9  J
 0.678391773  9  3  9  J
 0.719950770  9  2  9  J
 0.757638617  9  1  9  J
 0.785715894  9  0  9  J
 0.830078854  9  14  9  J
 0.879142708  9  13  9  J
 0.914237482  9  12  9  J
 0.962806986  9  11  9  J
 0.980250877  9  10  9  J
 1.029987876  9  9  9  J
 1.052672338  9  8  9  J
 1.099101446  9  7  9  J
 1.137175157  9  6  9  J
 1.155064944  9  5  9  J
 1.178269974  9  4  9  J
 1.218956744  9  3  9  J
 1.266216291  9  2  9  J
 1.283276859  9  1  9  J
 1.326627075  9  0  9  J
 1.340280787  9  14  9  J
 1.356195376  9  13  9  J
 1.388352505  9  12  9  J
 1.414909546  9  11  9  J
 1.427458568  9  10  9  J
 1.474590304  9  9  9  J
 1.516760736  9  8  9  J
 1.562069649  9  7  9  J
 1.592234200  9  6  9  J
 1.608480653  9  5  9  J
 1.642319279  9  4  9  J
 1.659711086  9  3  9  J
 1.710912094  9  2  9  J
 1.734657214  9  1  9  J
 1.746891668  9  0  9  J
 1.766561951  9  14  9  J
 1.793655850  9  13  9  J
 1.812764486  9  12  9  J
 1.861378092  9  11  9  J
 1.877986291  9  10  9  J
 1.917464087  9  9  9  J
 1.932938808  9  8  9  J
 1.943768734  9  7  9  J
 1.963484346  9  6  9  J
 1.974028470  9  5  9  J
 1.991947766  9  4  9  J
 2.034587718  9  3  9  J
 2.056697019  9  2  9  J
 2.093295932  9  1  9  J
 2.114168652  9  0  9  J
 2.133909003  9  14  9  J
 2.150719146  9  13  9  J
 2.187961256  9  12  9  J
 2.227917003  9  11  9  J
 2.277246130  9  10  9  J
 2.314308231  9  9  9  J
 2.336999685  9  8  9  J
 2.374316526  9  7  9  J
 2.407535507  9  6  9  J
 2.446463477  9  5  9  J
 0.000000000  10  10  10  K
 0.025622215  10  10  11  K
 0.051896690  10  10  12  K
 0.079082002  10  10  13  K
 0.089767134  10  10  14  K
 0.131158373  10  10  0  K
 0.166539348  10  10  1  K
 0.211407429  10  10  2  K
 0.261405184  10  10  3  K
 0.299484246  10  10  4  K
 0.310742984  10  10  5  K
 0.359475229  10  10  6  K
 0.393155253  10  10  7  K
 0.417583974  10  10  8  K
 0.448359968  10  10  9  K
 0.480148387  10  10  10  K
 0.515655272  10  10  11  K
 0.545865282  10  10  12  K
 0.581338344  10  10  13  K
 0.601652713  10  10  14  K
 0.641945423  10  10  0  K
 0.661298628  10  10  1  K
 0.691250888  10  10  2  K
 0.723472830  10  10  3  K
 0.747469223  10  10  4  K
 0.789469120  10  10  5  K
 0.835556623  10  10  6  K
 0.846752612  10  10  7  K
 0.863997313  10  10  8  K
 0.888224197  10  10  9  K
 0.928572057  10  10  10  K
 0.949902551  10  10  11  K
 0.977068774  10  10  12  K
 1.018999796  10  10  13  K
 1.061320642  10  10  14  K
 1.092311670  10  10  0  K
 1.104443335  10  10  1  K
 1.122884328  10  10  2  K
 1.168299079  10  10  3  K
 1.205226391  10  10  4  K
 1.247412433  10  10  5  K
 1.259382374  10  10  6  K
 1.309152157  10  10  7  K
 1.321744817  10  10  8  K
 1.364557451  10  10  9  K
 1.401090707  10  10  10  K
 1.440124419  10  10  11  K
 1.463463719  10  10  12  K
 1.490693545  10  10  13  K
 1.504740294  10  10  14  K
 1.535950107  10  10  0  K
 1.569030389  10  10  1  K
 1.598809855  10  10  2  K
 1.630249746  10  10  3  K
 1.647882962  10  10  4  K
 1.666951774  10  10  5  K
 1.708265406  10  10  6  K
 1.728880282  10  10  7  K
 1.748553233  10  10  8  K
 1.773445337  10  10  9  K
 1.808328634  10  10  10  K
 1.844391880  10  10  11  K
 1.893733514  10  10  12  K
 1.933974644  10  10  13  K
 1.961253781  10  10  14  K
 2.000096180  10  10  0  K
 2.043396492  10  10  1  K
 2.055833691  10  10  2  K
 2.067339107  10  10  3  K
 2.085415619  10  10  4  K
 2.113712010  10  10  5  K
 2.147480812  10  10  6  K
 2.172539194  10  10  7  K
 2.220448761  10  10  8  K
 2.251832705  10  10  9  K
 2.277144456  10  10  10  K
 2.325760286  10  10  11  K
 2.350647391  10  10  12  K
 2.365429095  10  10  13  K
 2.387884940  10  10  14  K
 2.423493845  10  10  0  K
 2.466290578  10  10  1  K
 2.507543138  10  10  2  K
 2.520160370  10  10  3  K
 2.556661485  10  10  4  K
 2.582839812  10  10  5  K
 2.618290923  10  10  6  K
 2.642530772  10  10  7  K
 2.670952117  10  10  8  K
 2.685201100  10  10  9  K
