-1  15  15  15
 0.000000000  10  6  12  K
 0.005021773  10  7  12  K
 0.022619280  10  8  12  K
 0.036812289  10  7  12  K
 0.060774999  10  6  12  K
 0.092118196  10  5  12  K
 0.121870843  10  5  13  K
 0.170986327  10  4  13  K
 0.183602130  10  3  13  K
 0.196740022  10  4  13  K
 0.244642907  10  3  13  K
 0.288236461  10  4  13  K
 0.333093933  10  3  13  K
 0.351499682  10  2  13  K
 0.385722926  10  3  13  K
 0.397177671  10  2  13  K
 0.418249082  10  3  13  K
 0.465192474  10  3  12  K
 0.511825174  10  2  12  K
 0.541127883  10  2  11  K
 0.585827106  10  2  12  K
 0.631858693  10  2  13  K
 0.681100444  10  1  13  K
 0.718726089  10  1  12  K
 0.759666629  10  0  12  K
 0.793501324  10  0  13  K
 0.000000000  3  3  0  D
 0.003676100  3  3  1  D
 0.047841370  3  4  1  D
 0.058248308  3  5  1  D
 0.068546069  3  5  2  D
 0.086313741  3  6  2  D
 0.123960872  3  7  2  D
 0.148262801  3  6  2  D
 0.166114123  3  7  2  D
 0.181151459  3  7  1  D
 0.200898901  3  7  0  D
 0.228605942  3  7  1  D
 0.250410909  3  7  2  D
 0.278186338  3  6  2  D
 0.310161146  3  7  2  D
 0.323618351  3  8  2  D
 0.342140208  3  8  3  D
 0.360658144  3  9  3  D
 0.378351050  3  9  4  D
 0.401342290  3  9  3  D
 0.445009052  3  9  4  D
 0.457254893  3  8  4  D
 0.470312199  3  7  4  D
 0.502891321  3  7  3  D
 0.537019153  3  7  4  D
 0.549480566  3  8  4  D
 0.577440199  3  8  5  D
 0.590759884  3  8  4  D
 0.638375551  3  7  4  D
 0.664734059  3  6  4  D
 0.698995805  3  6  3  D
 0.726579574  3  5  3  D
 0.748208115  3  5  4  D
 0.763473093  3  4  4  D
 0.776460112  3  5  4  D
 0.812998335  3  5  3  D
 0.844615567  3  6  3  D
 0.000000000  0  5  10  A
 0.003446109  0  5  11  A
 0.044169273  0  5  12  A
 0.079174994  0  4  12  A
 0.098029289  0  4  13  A
 0.135979605  0  4  12  A
 0.184671828  0  4  13  A
 0.218849567  0  3  13  A
 0.239732485  0  4  13  A
 0.257504081  0  5  13  A
 0.288890515  0  5  12  A
 0.307176259  0  5  11  A
 0.348453956  0  6  11  A
 0.387720932  0  5  11  A
 0.402789823  0  5  12  A
 0.422799473  0  5  11  A
 0.470817943  0  5  12  A
 0.508013163  0  4  12  A
 0.529810335  0  4  11  A
 0.570196189  0  3  11  A
 0.613379613  0  3  10  A
 0.639452869  0  3  11  A
 0.651786694  0  2  11  A
 0.694573568  0  1  11  A
 0.712179157  0  1  10  A
 0.756165674  0  0  10  A
 0.771116247  0  0  9  A
 0.787956605  0  14  9  A
 0.834150067  0  0  9  A
 0.880201583  0  1  9  A
 0.000000000  8  11  12  I
 0.004624925  8  10  12  I
 0.040166761  8  10  13  I
 0.072090061  8  10  12  I
 0.106724544  8  10  11  I
 0.147778072  8  10  10  I
 0.168030351  8  9  10  I
 0.217342199  8  10  10  I
 0.266776588  8  10  9  I
 0.314629186  8  10  8  I
 0.329172537  8  10  9  I
 0.371792510  8  11  9  I
 0.398700765  8  12  9  I
 0.419957326  8  11  9  I
 0.436907185  8  12  9  I
 0.467650303  8  11  9  I
 0.492108740  8  11  10  I
 0.536952699  8  12  10  I
 0.573061070  8  12  11  I
 0.612897589  8  12  10  I
 0.648373908  8  12  11  I
 0.670239005  8  11  11  I
 0.705437708  8  12  11  I
 0.730244271  8  13  11  I
 0.757148998  8  14  11  I
 0.786669516  8  14  10  I
 0.817462291  8  13  10  I
 0.838423767  8  12  10  I
 0.882929350  8  11  10  I
 0.000000000  1  0  10  B
 0.003470264  1  0  9  B
 0.031136193  1  0  8  B
 0.061976837  1  0  7  B
 0.097339056  1  14  7  B
 0.120670084  1  14  6  B
 0.131049898  1  14  7  B
 0.178854821  1  13  7  B
 0.215437822  1  13  6  B
 0.252184700  1  12  6  B
 0.265371462  1  13  6  B
 0.275750727  1  12  6  B
 0.290182873  1  12  7  B
 0.315628659  1  12  6  B
 0.354943488  1  12  7  B
 0.388968390  1  11  7  B
 0.413746850  1  11  8  B
 0.445744687  1  12  8  B
 0.482963766  1  13  8  B
 0.514498440  1  12  8  B
 0.540785918  1  13  8  B
 0.577502995  1  12  8  B
 0.602402331  1  12  9  B
 0.618508114  1  13  9  B
 0.633645899  1  14  9  B
 0.662840783  1  14  8  B
 0.681683367  1  0  8  B
 0.724610929  1  14  8  B
 0.750884334  1  14  9  B
 0.790640736  1  0  9  B
 0.821042182  1  1  9  B
 0.869390276  1  1  10  B
 0.883246697  1  1  9  B
 0.924293362  1  1  10  B
 0.957837905  1  1  9  B
 0.981005294  1  2  9  B
 1.020577207  1  1  9  B
 1.070026430  1  0  9  B
 1.116848114  1  14  9  B
 1.132087887  1  13  9  B
 1.158159804  1  14  9  B
 1.175469003  1  13  9  B
 1.221909264  1  12  9  B
 0.000000000  4  0  5  E
 0.003810853  4  0  6  E
 0.017504999  4  1  6  E
 0.065038879  4  1  7  E
 0.083975456  4  1  8  E
 0.111751250  4  2  8  E
 0.157528018  4  1  8  E
 0.176316644  4  0  8  E
 0.196434624  4  0  9  E
 0.225090428  4  0  10  E
 0.244273482  4  0  11  E
 0.287709347  4  14  11  E
 0.312442280  4  13  11  E
 0.335144414  4  13  10  E
 0.350281873  4  13  9  E
 0.370632757  4  12  9  E
 0.402927327  4  13  9  E
 0.442288471  4  12  9  E
 0.484660436  4  11  9  E
 0.512065549  4  11  10  E
 0.528061746  4  11  11  E
 0.538667825  4  12  11  E
 0.559864372  4  12  12  E
 0.572058660  4  11  12  E
 0.587323293  4  12  12  E
 0.633455977  4  13  12  E
 0.661462923  4  12  12  E
 0.706475300  4  11  12  E
 0.728090568  4  11  13  E
 0.758230412  4  10  13  E
 0.786664984  4  11  13  E
 0.799687179  4  12  13  E
 0.843269421  4  12  14  E
 0.877311144  4  11  14  E
 0.921655783  4  12  14  E
 0.937660817  4  11  14  E
 0.974942304  4  11  13  E
 1.001164053  4  12  13  E
 1.042278184  4  11  13  E
 1.070660234  4  11  12  E
 1.085513577  4  10  12  E
 1.096256954  4  9  12  E
 1.115658714  4  9  11  E
 1.151423153  4  10  11  E
 1.195011115  4  10  12  E
 1.232627292  4  11  12  E
 1.249682229  4  12  12  E
 1.287018361  4  13  12  E
 1.308237001  4  14  12  E
 1.340856110  4  14  11  E
 1.383437005  4  14  12  E
 1.409009787  4  14  11  E
 0.000000000  6  14  2  G
 0.004135431  6  14  3  G
 0.034543438  6  14  2  G
 0.070827063  6  14  1  G
 0.091113096  6  0  1  G
 0.111275318  6  14  1  G
 0.127460054  6  14  2  G
 0.172929833  6  13  2  G
 0.206629313  6  12  2  G
 0.223003350  6  12  1  G
 0.271365564  6  11  1  G
 0.306176861  6  11  0  G
 0.325350115  6  12  0  G
 0.373087065  6  12  14  G
 0.387983171  6  12  13  G
 0.429086261  6  12  12  G
 0.466881437  6  13  12  G
 0.494174055  6  12  12  G
 0.505935872  6  12  13  G
 0.555454503  6  12  14  G
 0.600464575  6  12  0  G
 0.624686621  6  13  0  G
 0.645456684  6  14  0  G
 0.671517177  6  14  1  G
 0.703032885  6  13  1  G
 0.737262076  6  14  1  G
 0.783689641  6  14  2  G
 0.805199252  6  0  2  G
 0.827823439  6  0  3  G
 0.861847527  6  1  3  G
 0.883755613  6  1  2  G
 0.912635304  6  2  2  G
 0.944999312  6  3  2  G
 0.970704081  6  3  1  G
 0.989407402  6  4  1  G
 1.014438329  6  4  2  G
 1.033767528  6  4  1  G
 1.052638138  6  4  2  G
 1.096803989  6  5  2  G
 1.144294448  6  4  2  G
 1.187960250  6  3  2  G
 1.219277367  6  2  2  G
 1.247638156  6  2  1  G
 1.274025009  6  3  1  G
 1.297322186  6  3  2  G
 1.328320001  6  3  1  G
 1.356776027  6  2  1  G
 1.403431022  6  3  1  G
 1.414062714  6  3  0  G
 1.450425787  6  3  14  G
 1.475045793  6  2  14  G
 1.509408524  6  2  0  G
 1.556087053  6  2  1  G
 1.578663955  6  2  2  G
 0.000000000  12  13  12  M
 0.005421577  12  12  12  M
 0.048917764  12  12  13  M
 0.069120462  12  12  14  M
 0.112747280  12  11  14  M
 0.137012806  12  12  14  M
 0.181622289  12  13  14  M
 0.214123359  12  14  14  M
 0.229370153  12  14  13  M
 0.255577486  12  14  12  M
 0.299756265  12  0  12  M
 0.347961498  12  0  13  M
 0.373361707  12  0  14  M
 0.385974417  12  14  14  M
 0.402740861  12  14  0  M
 0.443276928  12  14  1  M
 0.489112361  12  0  1  M
 0.507963949  12  0  2  M
 0.526205162  12  1  2  M
 0.537248912  12  0  2  M
 0.566801515  12  14  2  M
 0.608256473  12  13  2  M
 0.626237686  12  12  2  M
 0.654892555  12  12  3  M
 0.688654693  12  12  4  M
 0.716689014  12  12  5  M
 0.744034914  12  12  6  M
 0.786730901  12  12  7  M
 0.820895155  12  12  6  M
 0.861720251  12  12  5  M
 0.874283287  12  12  4  M
 0.906281375  12  11  4  M
 0.955997432  12  10  4  M
 0.993347117  12  9  4  M
 1.023272944  12  10  4  M
 1.046192159  12  10  3  M
 1.093957757  12  10  2  M
 1.115571258  12  9  2  M
 1.125807486  12  9  1  M
 1.169064863  12  9  0  M
 1.194628382  12  8  0  M
 1.210655879  12  8  1  M
 1.259111328  12  8  0  M
 1.275291309  12  8  1  M
 1.320927356  12  8  0  M
 1.356775860  12  8  14  M
 1.385303967  12  9  14  M
 1.419032754  12  9  0  M
 1.430472581  12  9  14  M
 1.473653913  12  9  13  M
 1.508706959  12  9  14  M
 1.523562531  12  9  0  M
 1.552261481  12  9  1  M
 1.569922831  12  10  1  M
 1.583845346  12  11  1  M
 1.598552896  12  11  2  M
 1.645746980  12  11  3  M
 1.669912835  12  11  2  M
 1.687246661  12  11  3  M
 1.724343511  12  12  3  M
 1.766396893  12  13  3  M
 1.806356141  12  13  2  M
 1.848957487  12  13  3  M
 1.863052981  12  13  4  M
 0.000000000  13  12  11  N
 0.005656887  13  11  11  N
 0.034543350  13  12  11  N
 0.067015408  13  13  11  N
 0.104185493  13  13  10  N
 0.119535844  13  13  9  N
 0.130367790  13  12  9  N
 0.164538679  13  13  9  N
 0.199578974  13  14  9  N
 0.222449752  13  14  8  N
 0.243314578  13  14  7  N
 0.260876227  13  14  8  N
 0.310102389  13  14  9  N
 0.337794364  13  14  8  N
 0.353427529  13  14  7  N
 0.395167936  13  0  7  N
 0.418482125  13  0  8  N
 0.441738653  13  1  8  N
 0.456726360  13  1  9  N
 0.484660429  13  1  10  N
 0.509245536  13  1  11  N
 0.541681809  13  0  11  N
 0.555119048  13  1  11  N
 0.599854848  13  1  12  N
 0.634554577  13  1  13  N
 0.649017326  13  2  13  N
 0.659482691  13  2  14  N
 0.699927782  13  3  14  N
 0.710783375  13  3  0  N
 0.759642391  13  2  0  N
 0.778478143  13  2  14  N
 0.814126870  13  2  13  N
 0.835549517  13  2  12  N
 0.882276557  13  3  12  N
 0.927204641  13  2  12  N
 0.942112052  13  3  12  N
 0.978557087  13  3  13  N
 1.000931074  13  4  13  N
 1.022011124  13  4  14  N
 1.049359795  13  4  0  N
 1.091317862  13  4  14  N
 1.118018414  13  4  0  N
 1.137285120  13  4  14  N
 1.176602037  13  4  0  N
 1.187725761  13  4  1  N
 1.203451736  13  4  2  N
 1.221073266  13  3  2  N
 1.232652780  13  3  3  N
 1.280565150  13  3  2  N
 1.312702463  13  3  1  N
 1.351174253  13  3  2  N
 1.399306101  13  2  2  N
 1.425992586  13  1  2  N
 1.472522914  13  2  2  N
 1.517294504  13  2  3  N
 1.559450647  13  2  2  N
 1.575937689  13  1  2  N
 1.617295268  13  0  2  N
 1.638910145  13  0  3  N
 1.674641423  13  0  2  N
 1.691753795  13  1  2  N
 1.716504155  13  1  1  N
 1.754573788  13  2  1  N
 1.788939417  13  2  0  N
 1.831405915  13  2  1  N
 1.856501985  13  1  1  N
 1.879716234  13  1  0  N
 1.910006873  13  1  1  N
 1.938097042  13  1  2  N
 1.961146625  13  0  2  N
 1.999669952  13  0  1  N
 2.015472717  13  14  1  N
 2.046632456  13  0  1  N
 2.096728823  13  1  1  N
 0.000000000  5  13  6  F
 0.003905014  5  13  5  F
 0.037615426  5  12  5  F
 0.073737273  5  12  6  F
 0.096106028  5  13  6  F
 0.124727992  5  13  7  F
 0.153563121  5  14  7  F
 0.172141217  5  14  6  F
 0.204552195  5  14  7  F
 0.227752495  5  13  7  F
 0.271617515  5  12  7  F
 0.284618944  5  12  6  F
 0.307023553  5  13  6  F
 0.342451034  5  12  6  F
 0.373045385  5  12  7  F
 0.395168090  5  12  6  F
 0.405382664  5  12  5  F
 0.427088689  5  12  4  F
 0.463492109  5  12  3  F
 0.511188605  5  11  3  F
 0.529251615  5  11  2  F
 0.557398122  5  12  2  F
 0.592337742  5  11  2  F
 0.630128555  5  10  2  F
 0.676247768  5  9  2  F
 0.709627388  5  10  2  F
 0.726803998  5  11  2  F
 0.766761324  5  10  2  F
 0.779255822  5  10  3  F
 0.820635094  5  9  3  F
 0.845173145  5  10  3  F
 0.882312772  5  9  3  F
 0.920804366  5  10  3  F
 0.932423171  5  10  4  F
 0.950381267  5  11  4  F
 0.966750628  5  11  5  F
 0.978557161  5  11  6  F
 0.998753775  5  11  5  F
 1.037354298  5  10  5  F
 1.056960771  5  9  5  F
 1.074913557  5  9  4  F
 1.091910898  5  10  4  F
 1.121488720  5  11  4  F
 1.145350347  5  10  4  F
 1.156214247  5  10  5  F
 1.193606800  5  9  5  F
 1.212731691  5  8  5  F
 1.223125678  5  8  6  F
 1.237548326  5  8  5  F
 1.279881239  5  7  5  F
 1.318267346  5  7  6  F
 1.364725718  5  7  5  F
 1.381033444  5  6  5  F
 1.424427151  5  6  4  F
 1.469751243  5  6  5  F
 1.516178033  5  5  5  F
 1.554888732  5  4  5  F
 1.569012905  5  3  5  F
 1.583888456  5  4  5  F
 1.617420469  5  5  5  F
 1.657555693  5  4  5  F
 1.667968701  5  5  5  F
 1.712532627  5  5  6  F
 1.749265038  5  5  7  F
 1.770360052  5  6  7  F
 1.809640791  5  6  8  F
 1.847858032  5  6  7  F
 1.861207987  5  7  7  F
 1.875125788  5  6  7  F
 1.901565912  5  6  6  F
 1.942463503  5  6  5  F
 1.974320557  5  7  5  F
 2.006426298  5  6  5  F
 2.046073199  5  5  5  F
 2.086621743  5  5  4  F
 2.107831323  5  4  4  F
 2.143279638  5  3  4  F
 2.166894593  5  3  5  F
 2.195548141  5  3  4  F
 2.219269264  5  2  4  F
 2.237420131  5  3  4  F
 0.000000000  11  3  4  L
 0.005236574  11  2  4  L
 0.043251331  11  2  3  L
 0.062941750  11  2  2  L
 0.092685925  11  2  1  L
 0.110579170  11  2  2  L
 0.156371828  11  2  3  L
 0.200871908  11  2  2  L
 0.216291532  11  1  2  L
 0.265744651  11  1  1  L
 0.305397642  11  1  0  L
 0.330240223  11  1  1  L
 0.373287488  11  1  0  L
 0.419672143  11  2  0  L
 0.455645849  11  1  0  L
 0.492254368  11  1  14  L
 0.514498459  11  2  14  L
 0.525471539  11  1  14  L
 0.569362728  11  2  14  L
 0.619026790  11  2  13  L
 0.632619789  11  2  14  L
 0.680825608  11  2  0  L
 0.698466268  11  1  0  L
 0.731699712  11  1  14  L
 0.752878777  11  1  13  L
 0.802003087  11  1  12  L
 0.844877533  11  2  12  L
 0.857867116  11  1  12  L
 0.888418618  11  2  12  L
 0.930121388  11  3  12  L
 0.952089187  11  3  13  L
 0.968928580  11  2  13  L
 1.002695147  11  2  12  L
 1.028341001  11  3  12  L
 1.062626139  11  3  13  L
 1.097618727  11  4  13  L
 1.142612749  11  3  13  L
 1.166555625  11  3  14  L
 1.185865345  11  2  14  L
 1.230764278  11  2  13  L
 1.259007246  11  2  14  L
 1.304154354  11  1  14  L
 1.327083062  11  1  0  L
 1.352468179  11  1  1  L
 1.383868461  11  2  1  L
 1.432448140  11  1  1  L
 1.467573881  11  0  1  L
 1.489336614  11  1  1  L
 1.505478064  11  2  1  L
 1.547093835  11  2  0  L
 1.561179333  11  1  0  L
 1.603363722  11  0  0  L
 1.641612269  11  1  0  L
 1.688031023  11  2  0  L
 1.727547258  11  1  0  L
 1.740821346  11  1  14  L
 1.762512967  11  2  14  L
 1.776263530  11  1  14  L
 1.795521960  11  1  13  L
 1.833483496  11  0  13  L
 1.859718133  11  1  13  L
 1.875215804  11  1  12  L
 1.900390372  11  1  11  L
 1.926018874  11  1  12  L
 1.945551487  11  0  12  L
 1.958636242  11  14  12  L
 1.977514901  11  14  13  L
 2.026620255  11  13  13  L
 2.075876816  11  13  14  L
 2.114911733  11  12  14  L
 2.151860379  11  11  14  L
 2.194772644  11  10  14  L
 2.221392887  11  10  0  L
 2.252109588  11  9  0  L
 2.275647587  11  9  14  L
 2.321994613  11  10  14  L
 0.000000000  7  2  8  H
 0.004347953  7  1  8  H
 0.024677896  7  1  7  H
 0.051858585  7  1  6  H
 0.068795713  7  1  5  H
 0.090065259  7  1  6  H
 0.117361190  7  1  5  H
 0.142617525  7  1  6  H
 0.160027835  7  0  6  H
 0.194872298  7  14  6  H
 0.228702376  7  14  7  H
 0.272267516  7  13  7  H
 0.317054926  7  14  7  H
 0.346958212  7  14  6  H
 0.391370980  7  13  6  H
 0.403004052  7  12  6  H
 0.425504949  7  12  5  H
 0.474984910  7  11  5  H
 0.502266976  7  10  5  H
 0.551985232  7  10  4  H
 0.599349558  7  11  4  H
 0.639938862  7  11  3  H
 0.656162053  7  10  3  H
 0.702297358  7  10  2  H
 0.713561839  7  11  2  H
 0.724637267  7  10  2  H
 0.773942008  7  11  2  H
 0.792276393  7  11  1  H
 0.810457929  7  12  1  H
 0.849650099  7  13  1  H
 0.888119518  7  14  1  H
 0.912091184  7  13  1  H
 0.936643917  7  12  1  H
 0.972235765  7  11  1  H
 1.016059902  7  12  1  H
 1.028917675  7  12  0  H
 1.056990279  7  11  0  H
 1.097605908  7  11  14  H
 1.135971358  7  12  14  H
 1.185449823  7  12  13  H
 1.222000792  7  12  12  H
 1.244917828  7  12  13  H
 1.266750981  7  11  13  H
 1.292978630  7  11  14  H
 1.325177871  7  10  14  H
 1.368343757  7  10  13  H
 1.380341802  7  9  13  H
 1.428110232  7  9  14  H
 1.465475114  7  9  13  H
 1.497996804  7  10  13  H
 1.508875439  7  9  13  H
 1.534280654  7  9  14  H
 1.572057182  7  8  14  H
 1.598513790  7  8  13  H
 1.624319883  7  8  12  H
 1.655095247  7  9  12  H
 1.684375590  7  9  13  H
 1.727096930  7  9  12  H
 1.737841460  7  9  13  H
 1.762727977  7  10  13  H
 1.800532731  7  9  13  H
 1.812918755  7  9  12  H
 1.854252576  7  8  12  H
 1.875739043  7  9  12  H
 1.891111672  7  9  13  H
 1.929036913  7  8  13  H
 1.965630269  7  8  14  H
 1.999670095  7  8  0  H
 2.046755384  7  9  0  H
 2.060829061  7  10  0  H
 2.090714978  7  11  0  H
 2.133466290  7  10  0  H
 2.182566715  7  11  0  H
 2.203026929  7  10  0  H
 2.224011797  7  11  0  H
 2.273999325  7  10  0  H
 2.297369923  7  11  0  H
 2.344776839  7  12  0  H
 0.000000000  9  5  5  J
 0.004824677  9  4  5  J
 0.044406699  9  3  5  J
 0.081911765  9  2  5  J
 0.110165401  9  2  4  J
 0.142093012  9  1  4  J
 0.156502785  9  2  4  J
 0.206333819  9  1  4  J
 0.254497762  9  2  4  J
 0.281300200  9  1  4  J
 0.320603363  9  1  5  J
 0.359409360  9  2  5  J
 0.381182440  9  1  5  J
 0.398414275  9  0  5  J
 0.444640789  9  0  6  J
 0.470718539  9  0  5  J
 0.484911984  9  14  5  J
 0.520656364  9  14  6  J
 0.551247968  9  13  6  J
 0.563784190  9  14  6  J
 0.603606671  9  14  5  J
 0.614352658  9  14  6  J
 0.629847814  9  14  7  J
 0.672408260  9  14  6  J
 0.700530251  9  0  6  J
 0.730244409  9  1  6  J
 0.778758092  9  1  7  J
 0.826039727  9  1  6  J
 0.850876143  9  1  5  J
 0.884879236  9  1  4  J
 0.929763130  9  1  5  J
 0.956550014  9  2  5  J
 0.968828416  9  1  5  J
 1.018623329  9  0  5  J
 1.059478648  9  0  6  J
 1.104279311  9  0  7  J
 1.137169752  9  1  7  J
 1.151338217  9  1  8  J
 1.193680948  9  1  9  J
 1.225691560  9  0  9  J
 1.238294506  9  14  9  J
 1.285439920  9  14  8  J
 1.297432755  9  13  8  J
 1.309524337  9  14  8  J
 1.335895445  9  13  8  J
 1.362040192  9  13  9  J
 1.381793613  9  13  8  J
 1.409163123  9  13  7  J
 1.454703385  9  13  6  J
 1.494526985  9  14  6  J
 1.507937625  9  0  6  J
 1.556167763  9  0  7  J
 1.588106027  9  14  7  J
 1.616264572  9  13  7  J
 1.655042189  9  13  8  J
 1.684535264  9  14  8  J
 1.697169381  9  13  8  J
 1.725017806  9  12  8  J
 1.751476036  9  12  9  J
 1.765455048  9  13  9  J
 1.781223657  9  12  9  J
 1.809346563  9  12  10  J
 1.840324431  9  11  10  J
 1.873296646  9  11  11  J
 1.905169631  9  11  12  J
 1.946039731  9  12  12  J
 1.985660285  9  13  12  J
 2.030831698  9  13  11  J
 2.064698860  9  12  11  J
 2.098551917  9  11  11  J
 2.122474130  9  12  11  J
 2.166430734  9  12  10  J
 2.215304622  9  12  9  J
 2.228428241  9  11  9  J
 2.246782996  9  10  9  J
 2.289284979  9  11  9  J
 2.309144040  9  12  9  J
 2.349952312  9  12  8  J
 2.398252173  9  12  7  J
 2.416632259  9  12  8  J
 0.000000000  14  7  1  O
 0.005872253  14  7  0  O
 0.020559617  14  8  0  O
 0.054782791  14  7  0  O
 0.069025792  14  7  1  O
 0.118287014  14  7  0  O
 0.160291791  14  6  0  O
 0.190342011  14  7  0  O
 0.219809836  14  8  0  O
 0.262225425  14  9  0  O
 0.284411392  14  8  0  O
 0.294809121  14  7  0  O
 0.314346242  14  8  0  O
 0.362181708  14  8  1  O
 0.393246635  14  7  1  O
 0.414555785  14  8  1  O
 0.440776114  14  8  0  O
 0.466881381  14  8  1  O
 0.503812166  14  7  1  O
 0.533523070  14  7  0  O
 0.583607778  14  8  0  O
 0.606833777  14  7  0  O
 0.643252927  14  8  0  O
 0.692429960  14  8  1  O
 0.705046053  14  8  2  O
 0.720949835  14  8  1  O
 0.758611725  14  8  2  O
 0.784518026  14  9  2  O
 0.827823377  14  9  3  O
 0.845525262  14  8  3  O
 0.875266635  14  9  3  O
 0.922621293  14  9  4  O
 0.965371955  14  8  4  O
 0.996104643  14  8  5  O
 1.025840009  14  9  5  O
 1.064046771  14  9  6  O
 1.086065128  14  9  7  O
 1.116109018  14  8  7  O
 1.161412807  14  8  6  O
 1.204904308  14  8  5  O
 1.235708523  14  8  4  O
 1.258862648  14  9  4  O
 1.303202430  14  8  4  O
 1.340988275  14  9  4  O
 1.353982421  14  9  5  O
 1.365774473  14  8  5  O
 1.387610078  14  8  6  O
 1.411884660  14  8  5  O
 1.423025293  14  9  5  O
 1.446205330  14  9  4  O
 1.488815353  14  9  5  O
 1.504028140  14  9  4  O
 1.519093219  14  10  4  O
 1.562374795  14  9  4  O
 1.590418787  14  8  4  O
 1.630394070  14  7  4  O
 1.678098208  14  6  4  O
 1.720670942  14  6  3  O
 1.769180000  14  5  3  O
 1.815065928  14  5  4  O
 1.836571944  14  4  4  O
 1.875725181  14  3  4  O
 1.900390212  14  3  5  O
 1.933851289  14  4  5  O
 1.952923220  14  4  6  O
 1.975463340  14  4  7  O
 1.995974187  14  4  8  O
 2.043668493  14  4  9  O
 2.067920859  14  3  9  O
 2.117556024  14  4  9  O
 2.143411158  14  5  9  O
 2.186795643  14  4  9  O
 2.202968207  14  4  10  O
 2.230269230  14  4  9  O
 2.249165857  14  5  9  O
 2.268184239  14  5  10  O
 2.284065797  14  5  9  O
 2.305084945  14  4  9  O
 2.319871672  14  4  8  O
 2.365639253  14  4  7  O
 2.379810213  14  3  7  O
 2.428265759  14  4  7  O
 2.472688219  14  4  8  O
 2.506986411  14  4  7  O
 2.529366821  14  3  7  O
 2.555404787  14  3  8  O
 0.000000000  2  2  4  C
 0.003577041  2  2  5  C
 0.020524812  2  2  4  C
 0.059389536  2  2  5  C
 0.081911930  2  3  5  C
 0.123324197  2  3  6  C
 0.155206305  2  4  6  C
 0.203127662  2  4  5  C
 0.239426840  2  4  4  C
 0.289244695  2  5  4  C
 0.330126155  2  5  5  C
 0.368054608  2  6  5  C
 0.386847132  2  6  6  C
 0.400890896  2  5  6  C
 0.445772911  2  5  5  C
 0.494730227  2  6  5  C
 0.517181917  2  6  4  C
 0.558089641  2  6  5  C
 0.607851072  2  7  5  C
 0.646787249  2  6  5  C
 0.695428296  2  6  6  C
 0.740044236  2  6  7  C
 0.787643671  2  6  6  C
 0.809545124  2  6  5  C
 0.829823514  2  7  5  C
 0.858620799  2  8  5  C
 0.898752127  2  8  6  C
 0.944953043  2  8  7  C
 0.979540776  2  7  7  C
 1.029074847  2  8  7  C
 1.047685125  2  7  7  C
 1.088699860  2  7  6  C
 1.123940075  2  8  6  C
 1.163710910  2  8  5  C
 1.195110542  2  9  5  C
 1.233034155  2  10  5  C
 1.264813417  2  9  5  C
 1.277538173  2  9  6  C
 1.312315329  2  9  5  C
 1.342289322  2  10  5  C
 1.372567155  2  10  6  C
 1.410482419  2  11  6  C
 1.434909063  2  10  6  C
 1.450425768  2  11  6  C
 1.462364027  2  11  7  C
 1.509408499  2  11  8  C
 1.539070726  2  11  7  C
 1.549383313  2  11  6  C
 1.572305730  2  12  6  C
 1.593897673  2  13  6  C
 1.617378083  2  13  7  C
 1.636147178  2  14  7  C
 1.658275164  2  0  7  C
 1.693680117  2  0  6  C
 1.704909625  2  0  5  C
 1.751476255  2  0  6  C
 1.794334540  2  1  6  C
 1.844223888  2  1  5  C
 1.869489899  2  2  5  C
 1.919265858  2  2  6  C
 1.956344474  2  2  7  C
 1.992461898  2  2  8  C
 2.019329883  2  1  8  C
 2.063040199  2  1  7  C
 2.104532118  2  0  7  C
 2.117497398  2  0  6  C
 2.144895058  2  0  5  C
 2.166693005  2  0  4  C
 2.216651800  2  14  4  C
 2.249655200  2  14  5  C
 2.271393242  2  14  4  C
 2.314142766  2  14  5  C
 2.345395828  2  0  5  C
 2.377503291  2  0  6  C
 2.427760474  2  0  5  C
 2.477736974  2  1  5  C
 2.491028181  2  1  6  C
 2.539152529  2  0  6  C
 2.564524449  2  14  6  C
 2.601153836  2  14  5  C
 2.618402325  2  14  4  C
 2.661730945  2  13  4  C
 2.695667301  2  14  4  C
 2.727942921  2  13  4  C
 2.749191496  2  14  4  C
 2.778461177  2  14  3  C
 2.823904772  2  14  4  C
 2.866846978  2  0  4  C
 2.907933250  2  0  3  C
 2.927265500  2  0  2  C
 2.948685233  2  0  1  C
 2.986042027  2  1  1  C
 3.021471544  2  0  1  C
 3.071675010  2  1  1  C
 3.097744836  2  1  2  C
 3.119840097  2  1  3  C
