-1 15 15 15
0.000000 12 12 12 M 
0.026065 12 12 11 M 
0.074889 12 12 10 M 
0.091940 12 12 9 M 
0.128884 12 12 8 M 
0.147342 12 12 7 M 
0.195675 12 12 6 M 
0.236563 12 12 5 M 
0.251545 12 12 4 M 
0.273597 12 12 3 M 
0.324378 12 12 2 M 
0.000000 3 3 3 D 
0.026049 3 4 3 D 
0.059931 3 5 3 D 
0.106626 3 6 3 D 
0.137668 3 7 3 D 
0.149603 3 8 3 D 
0.196850 3 9 3 D 
0.218276 3 10 3 D 
0.242035 3 11 3 D 
0.324441 3 12 3 D 
0.361096 3 13 3 D 
0.379361 3 14 3 D 
0.000000 10 10 10 K 
0.012455 10 10 9 K 
0.047137 10 10 8 K 
0.077037 10 10 7 K 
0.088968 10 10 6 K 
0.110930 10 10 5 K 
0.131164 10 10 4 K 
0.175596 10 10 3 K 
0.218274 10 10 2 K 
0.246266 10 10 1 K 
0.258869 10 10 0 K 
0.288466 10 10 14 K 
0.331768 10 10 13 K 
0.344827 10 10 12 K 
0.381625 10 10 11 K 
0.401717 10 10 10 K 
0.423555 10 10 9 K 
0.435418 10 10 8 K 
0.470279 10 10 7 K 
0.504545 10 10 6 K 
0.524799 10 10 5 K 
0.554653 10 10 4 K 
0.584958 10 10 3 K 
0.605019 10 10 2 K 
0.000000 11 11 11 L 
0.074893 11 12 11 L 
0.102403 11 13 11 L 
0.147344 11 14 11 L 
0.189189 11 0 11 L 
0.239736 11 1 11 L 
0.277772 11 2 11 L 
0.297896 11 3 11 L 
0.334993 11 4 11 L 
0.363339 11 5 11 L 
0.384118 11 6 11 L 
0.398444 11 7 11 L 
0.420378 11 8 11 L 
0.460355 11 9 11 L 
0.473740 11 10 11 L 
0.507807 11 11 11 L 
0.551331 11 12 11 L 
0.588268 11 13 11 L 
0.606170 11 14 11 L 
0.641897 11 0 11 L 
0.675445 11 1 11 L 
0.000000 14 14 14 O 
0.014575 14 14 13 O 
0.056941 14 14 12 O 
0.075962 14 14 11 O 
0.088896 14 14 10 O 
0.102532 14 14 9 O 
0.127709 14 14 8 O 
0.149475 14 14 7 O 
0.173357 14 14 6 O 
0.202229 14 14 5 O 
0.252605 14 14 4 O 
0.287389 14 14 3 O 
0.301192 14 14 2 O 
0.350374 14 14 1 O 
0.375944 14 14 0 O 
0.398328 14 14 14 O 
0.435414 14 14 13 O 
0.473651 14 14 12 O 
0.486458 14 14 11 O 
0.531038 14 14 10 O 
0.554490 14 14 9 O 
0.588156 14 14 8 O 
0.607245 14 14 7 O 
0.639778 14 14 6 O 
0.682844 14 14 5 O 
0.713073 14 14 4 O 
0.741859 14 14 4 o 
0.000000 4 4 4 E 
0.012411 4 4 3 E 
0.026045 4 4 2 E 
0.053548 4 4 1 E 
0.103471 4 4 0 E 
0.125581 4 4 14 E 
0.158338 4 4 13 E 
0.194616 4 4 12 E 
0.230866 4 4 11 E 
0.267323 4 4 10 E 
0.301191 4 4 9 E 
0.340398 4 4 8 E 
0.406731 4 4 7 E 
0.423543 4 4 6 E 
0.463702 4 4 5 E 
0.490904 4 4 4 E 
0.532099 4 4 3 E 
0.549211 4 4 2 E 
0.566037 4 4 1 E 
0.609365 4 4 0 E 
0.622999 4 4 14 E 
0.642970 4 4 13 E 
0.689235 4 4 12 E 
0.723543 4 4 11 E 
0.743981 4 4 10 E 
0.786554 4 4 9 E 
0.821300 4 4 8 E 
0.864332 4 4 7 E 
0.886544 4 4 6 E 
0.909817 4 4 5 E 
0.931952 4 4 4 E 
0.978307 4 4 3 E 
1.004424 4 4 2 E 
1.017219 4 4 1 E 
1.032132 4 4 0 E 
1.046718 4 4 14 E 
0.000000 8 8 8 I 
0.013519 8 8 9 I 
0.040956 8 8 10 I 
0.066277 8 8 11 I 
0.082364 8 8 12 I 
0.117388 8 8 13 I 
0.156087 8 8 14 I 
0.173462 8 8 0 I 
0.192605 8 8 1 I 
0.236564 8 8 2 I 
0.280890 8 8 3 I 
0.307603 8 8 4 I 
0.351582 8 8 5 I 
0.365540 8 8 6 I 
0.401614 8 8 7 I 
0.447517 8 8 8 I 
0.469114 8 8 9 I 
0.488682 8 8 10 I 
0.502450 8 8 11 I 
0.547099 8 8 12 I 
0.591442 8 8 13 I 
0.632374 8 8 14 I 
0.652395 8 8 0 I 
0.684996 8 8 1 I 
0.727770 8 8 2 I 
0.756340 8 8 3 I 
0.785485 8 8 4 I 
0.817027 8 8 5 I 
0.840332 8 8 6 I 
0.868807 8 8 7 I 
0.903349 8 8 8 I 
0.930891 8 8 9 I 
0.942714 8 8 10 I 
0.957412 8 8 11 I 
0.997149 8 8 12 I 
1.010824 8 8 13 I 
1.027872 8 8 14 I 
1.054161 8 8 0 I 
1.081571 8 8 1 I 
1.128087 8 8 2 I 
1.156759 8 8 3 I 
1.204883 8 8 4 I 
0.000000 1 1 1 B 
0.056808 1 0 1 B 
0.097076 1 14 1 B 
0.116222 1 13 1 B 
0.143069 1 12 1 B 
0.158428 1 11 1 B 
0.188129 1 10 1 B 
0.210863 1 9 1 B 
0.236565 1 8 1 B 
0.253666 1 7 1 B 
0.293830 1 6 1 B 
0.323069 1 5 1 B 
0.341579 1 4 1 B 
0.374884 1 3 1 B 
0.393968 1 2 1 B 
0.443749 1 1 1 B 
0.477923 1 0 1 B 
0.493031 1 14 1 B 
0.510997 1 13 1 B 
0.557666 1 12 1 B 
0.596611 1 11 1 B 
0.620881 1 10 1 B 
0.635545 1 9 1 B 
0.673309 1 8 1 B 
0.684994 1 7 1 B 
0.718293 1 6 1 B 
0.765755 1 5 1 B 
0.793068 1 4 1 B 
0.832905 1 3 1 B 
0.868711 1 2 1 B 
0.895113 1 1 1 B 
0.921324 1 0 1 B 
0.939490 1 14 1 B 
0.961611 1 13 1 B 
1.004422 1 12 1 B 
1.044602 1 11 1 B 
1.058414 1 10 1 B 
1.077287 1 9 1 B 
1.128090 1 8 1 B 
1.173391 1 7 1 B 
1.211244 1 6 1 B 
1.235093 1 5 1 B 
1.265715 1 4 1 B 
1.300436 1 3 1 B 
1.347429 1 2 1 B 
1.368311 1 1 1 B 
1.408174 1 0 1 B 
1.451686 1 14 1 B 
1.463294 1 13 1 B 
1.502269 1 12 1 B 
0.000000 2 2 2 C 
0.014578 2 2 1 C 
0.032552 2 2 0 C 
0.051409 2 2 14 C 
0.065207 2 2 13 C 
0.077035 2 2 12 C 
0.118458 2 2 11 C 
0.144137 2 2 10 C 
0.164051 2 2 9 C 
0.203374 2 2 8 C 
0.248380 2 2 7 C 
0.293837 2 2 6 C 
0.339341 2 2 5 C 
0.357810 2 2 4 C 
0.377109 2 2 3 C 
0.398451 2 2 2 C 
0.446060 2 2 1 C 
0.483254 2 2 0 C 
0.515322 2 2 14 C 
0.546036 2 2 13 C 
0.578611 2 2 12 C 
0.605017 2 2 11 C 
0.620894 2 2 10 C 
0.670093 2 2 9 C 
0.718291 2 2 8 C 
0.762566 2 2 7 C 
0.782347 2 2 6 C 
0.825417 2 2 5 C 
0.856147 2 2 4 C 
0.903350 2 2 3 C 
0.913932 2 2 2 C 
0.942728 2 2 1 C 
0.966846 2 2 0 C 
0.990831 2 2 14 C 
1.036320 2 2 13 C 
1.061624 2 2 12 C 
1.081574 2 2 11 C 
1.094465 2 2 10 C 
1.109072 2 2 9 C 
1.121850 2 2 8 C 
1.135355 2 2 7 C 
1.150421 2 2 6 C 
1.196304 2 2 5 C 
1.230917 2 2 4 C 
1.268831 2 2 3 C 
1.283865 2 2 2 C 
1.309857 2 2 1 C 
1.330973 2 2 0 C 
1.362939 2 2 14 C 
1.403915 2 2 13 C 
1.432146 2 2 12 C 
1.446438 2 2 11 C 
1.470926 2 2 10 C 
1.497036 2 2 9 C 
1.529390 2 2 8 C 
0.000000 7 7 7 H 
0.015689 7 8 7 H 
0.028189 7 9 7 H 
0.060033 7 10 7 H 
0.074876 7 11 7 H 
0.117391 7 12 7 H 
0.147340 7 13 7 H 
0.173359 7 14 7 H 
0.193549 7 0 7 H 
0.212978 7 1 7 H 
0.293840 7 2 7 H 
0.337225 7 3 7 H 
0.379448 7 4 7 H 
0.406730 7 5 7 H 
0.436486 7 6 7 H 
0.459091 7 7 7 H 
0.472486 7 8 7 H 
0.506744 7 9 7 H 
0.547092 7 10 7 H 
0.584972 7 11 7 H 
0.609367 7 12 7 H 
0.646102 7 13 7 H 
0.672224 7 14 7 H 
0.708900 7 0 7 H 
0.746097 7 1 7 H 
0.783405 7 2 7 H 
0.826476 7 3 7 H 
0.886545 7 4 7 H 
0.904484 7 5 7 H 
0.918202 7 6 7 H 
0.928684 7 7 7 H 
0.949082 7 8 7 H 
0.979391 7 9 7 H 
0.991907 7 10 7 H 
1.004421 7 11 7 H 
1.036309 7 12 7 H 
1.068930 7 13 7 H 
1.089033 7 14 7 H 
1.114364 7 0 7 H 
1.138603 7 1 7 H 
1.168113 7 2 7 H 
1.180606 7 3 7 H 
1.200545 7 4 7 H 
1.221547 7 5 7 H 
1.263587 7 6 7 H 
1.313144 7 7 7 H 
1.343291 7 8 7 H 
1.384119 7 9 7 H 
1.398727 7 10 7 H 
1.409248 7 11 7 H 
1.453804 7 12 7 H 
1.491555 7 13 7 H 
1.535730 7 14 7 H 
1.582477 7 0 7 H 
1.615017 7 1 7 H 
1.643123 7 2 7 H 
1.681225 7 3 7 H 
1.730476 7 4 7 H 
1.765259 7 5 7 H 
1.777716 7 6 7 H 
1.796402 7 7 7 H 
0.000000 0 0 0 A 
0.020857 0 0 1 A 
0.056805 0 0 2 A 
0.088892 0 0 3 A 
0.101335 0 0 4 A 
0.145206 0 0 5 A 
0.191303 0 0 6 A 
0.240887 0 0 7 A 
0.288621 0 0 8 A 
0.324245 0 0 9 A 
0.370828 0 0 10 A 
0.399386 0 0 11 A 
0.421438 0 0 12 A 
0.465904 0 0 13 A 
0.480141 0 0 14 A 
0.521615 0 0 0 A 
0.539567 0 0 1 A 
0.586040 0 0 2 A 
0.627133 0 0 3 A 
0.667965 0 0 4 A 
0.694544 0 0 5 A 
0.718402 0 0 6 A 
0.746099 0 0 7 A 
0.794961 0 0 8 A 
0.842447 0 0 9 A 
0.864329 0 0 10 A 
0.875998 0 0 11 A 
0.888665 0 0 12 A 
0.923443 0 0 13 A 
0.958459 0 0 14 A 
0.979378 0 0 0 A 
0.996089 0 0 1 A 
1.021577 0 0 2 A 
1.059505 0 0 3 A 
1.109074 0 0 4 A 
1.152565 0 0 5 A 
1.181669 0 0 6 A 
1.228784 0 0 7 A 
1.244542 0 0 8 A 
1.275416 0 0 9 A 
1.323657 0 0 10 A 
1.363998 0 0 11 A 
1.404987 0 0 12 A 
1.434261 0 0 13 A 
1.460179 0 0 14 A 
1.508605 0 0 0 A 
1.548262 0 0 1 A 
1.570073 0 0 2 A 
1.601300 0 0 3 A 
1.632607 0 0 4 A 
1.657224 0 0 5 A 
1.669826 0 0 6 A 
1.692787 0 0 7 A 
1.735802 0 0 8 A 
1.777717 0 0 9 A 
1.814848 0 0 10 A 
1.846833 0 0 11 A 
1.860150 0 0 12 A 
1.900723 0 0 13 A 
1.923311 0 0 14 A 
1.965834 0 0 0 A 
2.008138 0 0 1 A 
2.037391 0 0 2 A 
2.049906 0 0 3 A 
2.073806 0 0 4 A 
2.099610 0 0 5 A 
2.149091 0 0 6 A 
2.181133 0 0 7 A 
2.203919 0 0 8 A 
0.000000 6 6 6 G 
0.079173 6 6 5 G 
0.115062 6 6 4 G 
0.149473 6 6 3 G 
0.192489 6 6 2 G 
0.208610 6 6 1 G 
0.223640 6 6 0 G 
0.242034 6 6 14 G 
0.287311 6 6 13 G 
0.329654 6 6 12 G 
0.346940 6 6 11 G 
0.366597 6 6 10 G 
0.389716 6 6 9 G 
0.411971 6 6 8 G 
0.424623 6 6 7 G 
0.436484 6 6 6 G 
0.451816 6 6 5 G 
0.497268 6 6 4 G 
0.541785 6 6 3 G 
0.582804 6 6 2 G 
0.607247 6 6 1 G 
0.637661 6 6 0 G 
0.683919 6 6 14 G 
0.728828 6 6 13 G 
0.767879 6 6 12 G 
0.806487 6 6 11 G 
0.847710 6 6 10 G 
0.892989 6 6 9 G 
0.930988 6 6 8 G 
0.945909 6 6 7 G 
0.957400 6 6 6 G 
0.991905 6 6 5 G 
1.033192 6 6 4 G 
1.064835 6 6 3 G 
1.092254 6 6 2 G 
1.140816 6 6 1 G 
1.189978 6 6 0 G 
1.221545 6 6 14 G 
1.261385 6 6 13 G 
1.302658 6 6 12 G 
1.349544 6 6 11 G 
1.362954 6 6 10 G 
1.379946 6 6 9 G 
1.406046 6 6 8 G 
1.449570 6 6 7 G 
1.469757 6 6 6 G 
1.506490 6 6 5 G 
1.529687 6 6 4 G 
1.544025 6 6 3 G 
1.567772 6 6 2 G 
1.593013 6 6 1 G 
1.609796 6 6 0 G 
1.644207 6 6 14 G 
1.684578 6 6 13 G 
1.734655 6 6 12 G 
1.777813 6 6 11 G 
1.826337 6 6 10 G 
1.846834 6 6 9 G 
1.891190 6 6 8 G 
1.911079 6 6 7 G 
1.942295 6 6 6 G 
1.972107 6 6 5 G 
1.988910 6 6 4 G 
2.033157 6 6 3 G 
2.048843 6 6 2 G 
2.061194 6 6 1 G 
2.110097 6 6 0 G 
2.123444 6 6 14 G 
2.133792 6 6 13 G 
2.168780 6 6 12 G 
2.211322 6 6 11 G 
2.226829 6 6 10 G 
2.263827 6 6 9 G 
2.295578 6 6 8 G 
2.316359 6 6 7 G 
2.341841 6 6 6 G 
0.000000 9 9 9 J 
0.040959 9 8 9 J 
0.067475 9 7 9 J 
0.085558 9 6 9 J 
0.135547 9 5 9 J 
0.163904 9 4 9 J 
0.198964 9 3 9 J 
0.246265 9 2 9 J 
0.293722 9 1 9 J 
0.370833 9 0 9 J 
0.399385 9 14 9 J 
0.447515 9 13 9 J 
0.490902 9 12 9 J 
0.509933 9 11 9 J 
0.523739 9 10 9 J 
0.538470 9 9 9 J 
0.572310 9 8 9 J 
0.584970 9 7 9 J 
0.617665 9 6 9 J 
0.652400 9 5 9 J 
0.691380 9 4 9 J 
0.739707 9 3 9 J 
0.786553 9 2 9 J 
0.813770 9 1 9 J 
0.864331 9 0 9 J 
0.895112 9 14 9 J 
0.928764 9 13 9 J 
0.954213 9 12 9 J 
0.966840 9 11 9 J 
0.998217 9 10 9 J 
1.041448 9 9 9 J 
1.086808 9 8 9 J 
1.109161 9 7 9 J 
1.147269 9 6 9 J 
1.169180 9 5 9 J 
1.189995 9 4 9 J 
1.223663 9 3 9 J 
1.259188 9 2 9 J 
1.283954 9 1 9 J 
1.325773 9 0 9 J 
1.370486 9 14 9 J 
1.398731 9 13 9 J 
1.414486 9 12 9 J 
1.460192 9 11 9 J 
1.510728 9 10 9 J 
1.535731 9 9 9 J 
1.556379 9 8 9 J 
1.586694 9 7 9 J 
1.622373 9 6 9 J 
1.659341 9 5 9 J 
1.683510 9 4 9 J 
1.726126 9 3 9 J 
1.749109 9 2 9 J 
1.777826 9 1 9 J 
1.826346 9 0 9 J 
1.855954 9 14 9 J 
1.884970 9 13 9 J 
1.903841 9 12 9 J 
1.932741 9 11 9 J 
1.971035 9 10 9 J 
1.988820 9 9 9 J 
2.008047 9 8 9 J 
2.020500 9 7 9 J 
2.067487 9 6 9 J 
2.110170 9 5 9 J 
2.158418 9 4 9 J 
2.189484 9 3 9 J 
2.222714 9 2 9 J 
2.237029 9 1 9 J 
2.252402 9 0 9 J 
2.270032 9 14 9 J 
2.314245 9 13 9 J 
2.335724 9 12 9 J 
2.349212 9 11 9 J 
2.361579 9 10 9 J 
2.390325 9 9 9 J 
0.000000 5 5 5 F 
0.029258 5 6 5 F 
0.079170 5 7 5 F 
0.105557 5 8 5 F 
0.117516 5 9 5 F 
0.150672 5 10 5 F 
0.191305 5 11 5 F 
0.219426 5 12 5 F 
0.236562 5 13 5 F 
0.252606 5 14 5 F 
0.287392 5 0 5 F 
0.329764 5 1 5 F 
0.370714 5 2 5 F 
0.400442 5 3 5 F 
0.435416 5 4 5 F 
0.459214 5 5 5 F 
0.497270 5 6 5 F 
0.522680 5 7 5 F 
0.569172 5 8 5 F 
0.619800 5 9 5 F 
0.661828 5 10 5 F 
0.692442 5 11 5 F 
0.732247 5 12 5 F 
0.778166 5 13 5 F 
0.826477 5 14 5 F 
0.867540 5 0 5 F 
0.894053 5 1 5 F 
0.936200 5 2 5 F 
0.959494 5 3 5 F 
0.999286 5 4 5 F 
1.025729 5 5 5 F 
1.073103 5 6 5 F 
1.092256 5 7 5 F 
1.141976 5 8 5 F 
1.192096 5 9 5 F 
1.238212 5 10 5 F 
1.263485 5 11 5 F 
1.293208 5 12 5 F 
1.315356 5 13 5 F 
1.329915 5 14 5 F 
1.343302 5 0 5 F 
1.391316 5 1 5 F 
1.423837 5 2 5 F 
1.466547 5 3 5 F 
1.483418 5 4 5 F 
1.494811 5 5 5 F 
1.538851 5 6 5 F 
1.577188 5 7 5 F 
1.589899 5 8 5 F 
1.603417 5 9 5 F 
1.647595 5 10 5 F 
1.667711 5 11 5 F 
1.683425 5 12 5 F 
1.729335 5 13 5 F 
1.750087 5 14 5 F 
1.790171 5 0 5 F 
1.829486 5 1 5 F 
1.877657 5 2 5 F 
1.893491 5 3 5 F 
1.931554 5 4 5 F 
1.981407 5 5 5 F 
2.013161 5 6 5 F 
2.047596 5 7 5 F 
2.077039 5 8 5 F 
2.108944 5 9 5 F 
2.136973 5 10 5 F 
2.160544 5 11 5 F 
2.209184 5 12 5 F 
2.253475 5 13 5 F 
2.264905 5 14 5 F 
2.311128 5 0 5 F 
2.330602 5 1 5 F 
2.352329 5 2 5 F 
2.392475 5 3 5 F 
0.000000 13 13 13 N 
0.056945 13 14 13 N 
0.088747 13 0 13 N 
0.129951 13 1 13 N 
0.162706 13 2 13 N 
0.201079 13 3 13 N 
0.233204 13 4 13 N 
0.284060 13 5 13 N 
0.329655 13 6 13 N 
0.348105 13 7 13 N 
0.366714 13 8 13 N 
0.382922 13 9 13 N 
0.428853 13 10 13 N 
0.445969 13 11 13 N 
0.462546 13 12 13 N 
0.505619 13 13 13 N 
0.535286 13 14 13 N 
0.560845 13 0 13 N 
0.605104 13 1 13 N 
0.646115 13 2 13 N 
0.680716 13 3 13 N 
0.708898 13 4 13 N 
0.752216 13 5 13 N 
0.800218 13 6 13 N 
0.828706 13 7 13 N 
0.872883 13 8 13 N 
0.919262 13 9 13 N 
0.946968 13 10 13 N 
0.971068 13 11 13 N 
1.004413 13 12 13 N 
1.052013 13 13 13 N 
1.064742 13 14 13 N 
1.114458 13 0 13 N 
1.153630 13 1 13 N 
1.172317 13 2 13 N 
1.202660 13 3 13 N 
1.219422 13 4 13 N 
1.268832 13 5 13 N 
1.302659 13 6 13 N 
1.317470 13 7 13 N 
1.335155 13 8 13 N 
1.373687 13 9 13 N 
1.412379 13 10 13 N 
1.428953 13 11 13 N 
1.456993 13 12 13 N 
1.494904 13 13 13 N 
1.527271 13 14 13 N 
1.568927 13 0 13 N 
1.604477 13 1 13 N 
1.654047 13 2 13 N 
1.674107 13 3 13 N 
1.713728 13 4 13 N 
1.749029 13 5 13 N 
1.771454 13 6 13 N 
1.794286 13 7 13 N 
1.824221 13 8 13 N 
1.862265 13 9 13 N 
1.892340 13 10 13 N 
1.938076 13 11 13 N 
1.982568 13 12 13 N 
2.026935 13 13 13 N 
2.037331 13 14 13 N 
2.085294 13 0 13 N 
2.101727 13 1 13 N 
2.127604 13 2 13 N 
2.151232 13 3 13 N 
2.166664 13 4 13 N 
2.201804 13 5 13 N 
2.220599 13 6 13 N 
2.246275 13 7 13 N 
2.272158 13 8 13 N 
2.307006 13 9 13 N 
2.356391 13 10 13 N 
2.367895 13 11 13 N 
2.389264 13 12 13 N 
2.400667 13 13 13 N 
2.421266 13 14 13 N 
2.432391 13 0 13 N 
2.467850 13 1 13 N 
2.507221 13 2 13 N 
2.552828 13 3 13 N 
2.581185 13 4 13 N 
2.608575 13 5 13 N 
2.628730 13 6 13 N 
2.646025 13 7 13 N 
2.695702 13 8 13 N 
2.728362 13 9 13 N 
2.745704 13 10 13 N 
2.787832 13 11 13 N 
2.825888 13 12 13 N 
2.869901 13 13 13 N 
2.908495 13 14 13 N 
2.939928 13 0 13 N 
2.983492 13 1 13 N 
3.014021 13 2 13 N 
3.035432 13 3 13 N 
