-1  15  7  7
 0.000000000  14  3  4  O
 0.004111573  14  2  4  O
 0.041156672  14  1  4  O
 0.079152051  14  0  4  O
 0.124826221  14  0  3  O
 0.153446879  14  0  3  o
 0.245466909  14  0  3  o
 0.256252111  14  0  3  o
 0.282897027  14  0  3  o
 0.323228045  14  0  3  o
 0.338042837  14  0  3  o
 0.385858898  14  0  3  o
 0.428986604  14  0  3  o
 0.448930843  14  0  3  o
 0.469366540  14  0  3  o
 0.488449811  14  0  3  o
 0.527613638  14  0  3  o
 0.550697132  14  0  3  o
 0.574929325  14  0  3  o
 0.624439215  14  0  3  o
 0.643733518  14  0  3  o
 0.680309601  14  0  3  o
 0.705355439  14  0  3  o
 0.736421226  14  0  3  o
 0.757631680  14  0  3  o
 0.776033809  14  0  3  o
 0.797020599  14  0  3  o
 0.842500804  14  0  3  o
 0.876238150  14  0  3  o
 0.000000000  0  0  1  A
 0.002720948  0  0  1  a
 0.072466663  0  0  1  a
 0.096147696  0  0  1  a
 0.107271012  0  0  1  a
 0.126270095  0  0  1  a
 0.144874422  0  0  1  a
 0.157829492  0  0  1  a
 0.192570373  0  0  1  a
 0.205074517  0  0  1  a
 0.255144683  0  0  1  a
 0.288153344  0  0  1  a
 0.327411012  0  0  1  a
 0.376861641  0  0  1  a
 0.419156629  0  0  1  a
 0.449076755  0  0  1  a
 0.476950560  0  0  1  a
 0.517849242  0  0  1  a
 0.542040826  0  0  1  a
 0.555018866  0  0  1  a
 0.580546455  0  0  1  a
 0.622996059  0  0  1  a
 0.649600881  0  0  1  a
 0.683009595  0  0  1  a
 0.699854523  0  0  1  a
 0.727902622  0  0  1  a
 0.757432309  0  0  1  a
 0.789243101  0  0  1  a
 0.834706324  0  0  1  a
 0.879625948  0  0  1  a
 0.894024082  0  0  1  a
 0.000000000  10  6  1  K
 0.003764628  10  6  1  k
 0.074079495  10  6  1  k
 0.109757611  10  6  1  k
 0.121894833  10  6  1  k
 0.153056999  10  6  1  k
 0.179550792  10  6  1  k
 0.193512630  10  6  1  k
 0.226216701  10  6  1  k
 0.247084090  10  6  1  k
 0.264518390  10  6  1  k
 0.311159348  10  6  1  k
 0.335855786  10  6  1  k
 0.348010913  10  6  1  k
 0.364612548  10  6  1  k
 0.408731933  10  6  1  k
 0.420127042  10  6  1  k
 0.433760886  10  6  1  k
 0.480962846  10  6  1  k
 0.497541097  10  6  1  k
 0.527806570  10  6  1  k
 0.549995329  10  6  1  k
 0.597061064  10  6  1  k
 0.639293879  10  6  1  k
 0.668480722  10  6  1  k
 0.718244114  10  6  1  k
 0.739845278  10  6  1  k
 0.750227011  10  6  1  k
 0.767106735  10  6  1  k
 0.787320236  10  6  1  k
 0.820897460  10  6  1  k
 0.843927769  10  6  1  k
 0.877406314  10  6  1  k
 0.904195281  10  6  1  k
 0.917582885  10  6  1  k
 0.956077390  10  6  1  k
 1.002243851  10  6  1  k
 0.000000000  1  4  6  B
 0.002841293  1  3  6  B
 0.019025204  1  2  6  B
 0.042661947  1  2  5  B
 0.064345300  1  2  4  B
 0.083818157  1  2  5  B
 0.095068086  1  2  5  b
 0.177828823  1  2  5  b
 0.201995603  1  2  5  b
 0.244974564  1  2  5  b
 0.259884263  1  2  5  b
 0.275531405  1  2  5  b
 0.313483739  1  2  5  b
 0.349860056  1  2  5  b
 0.371167484  1  2  5  b
 0.392233366  1  2  5  b
 0.426242886  1  2  5  b
 0.465110757  1  2  5  b
 0.505482025  1  2  5  b
 0.553443872  1  2  5  b
 0.599608833  1  2  5  b
 0.617540745  1  2  5  b
 0.655562970  1  2  5  b
 0.700558493  1  2  5  b
 0.744190824  1  2  5  b
 0.778799563  1  2  5  b
 0.819367329  1  2  5  b
 0.852392948  1  2  5  b
 0.889292216  1  2  5  b
 0.911785654  1  2  5  b
 0.961664336  1  2  5  b
 0.985345418  1  2  5  b
 1.023103847  1  2  5  b
 1.035331459  1  2  5  b
 1.053421185  1  2  5  b
 1.071326053  1  2  5  b
 1.086224162  1  2  5  b
 1.107922794  1  2  5  b
 0.000000000  2  1  5  C
 0.002856320  2  1  6  C
 0.042114380  2  1  0  C
 0.086570207  2  2  0  C
 0.132673567  2  3  0  C
 0.161483542  2  2  0  C
 0.179253761  2  1  0  C
 0.201442217  2  1  6  C
 0.213464600  2  0  6  C
 0.226320422  2  0  0  C
 0.249248267  2  1  0  C
 0.290935752  2  2  0  C
 0.329307655  2  2  1  C
 0.372741941  2  2  2  C
 0.412531999  2  1  2  C
 0.430596230  2  1  2  c
 0.511257257  2  1  2  c
 0.553892300  2  1  2  c
 0.592406056  2  1  2  c
 0.619966851  2  1  2  c
 0.645158324  2  1  2  c
 0.663774415  2  1  2  c
 0.684560706  2  1  2  c
 0.714739450  2  1  2  c
 0.743865496  2  1  2  c
 0.783282873  2  1  2  c
 0.820639051  2  1  2  c
 0.854498015  2  1  2  c
 0.887107485  2  1  2  c
 0.935502412  2  1  2  c
 0.945580172  2  1  2  c
 0.969269444  2  1  2  c
 0.996026957  2  1  2  c
 1.040196082  2  1  2  c
 1.074874215  2  1  2  c
 1.099883238  2  1  2  c
 1.148037266  2  1  2  c
 1.163360473  2  1  2  c
 0.000000000  3  3  3  D
 0.002959077  3  3  3  d
 0.100915556  3  3  3  d
 0.129174371  3  3  3  d
 0.144105323  3  3  3  d
 0.193566634  3  3  3  d
 0.243022223  3  3  3  d
 0.261196317  3  3  3  d
 0.303999371  3  3  3  d
 0.337309286  3  3  3  d
 0.366662937  3  3  3  d
 0.397827320  3  3  3  d
 0.436190040  3  3  3  d
 0.458476415  3  3  3  d
 0.507888252  3  3  3  d
 0.519579260  3  3  3  d
 0.551867442  3  3  3  d
 0.573754068  3  3  3  d
 0.615049728  3  3  3  d
 0.636550640  3  3  3  d
 0.685774122  3  3  3  d
 0.716849265  3  3  3  d
 0.727728914  3  3  3  d
 0.755060467  3  3  3  d
 0.770947229  3  3  3  d
 0.811401382  3  3  3  d
 0.824751626  3  3  3  d
 0.847240817  3  3  3  d
 0.888901851  3  3  3  d
 0.936810903  3  3  3  d
 0.974250690  3  3  3  d
 1.007590969  3  3  3  d
 1.057064993  3  3  3  d
 1.085391736  3  3  3  d
 1.123954198  3  3  3  d
 1.146148128  3  3  3  d
 1.175735998  3  3  3  d
 1.206300276  3  3  3  d
 1.218493219  3  3  3  d
 1.266633258  3  3  3  d
 1.280757951  3  3  3  d
 1.299728735  3  3  3  d
 0.000000000  8  3  0  I
 0.003525335  8  2  0  I
 0.040317617  8  2  6  I
 0.082069595  8  3  6  I
 0.101783929  8  2  6  I
 0.131866638  8  3  6  I
 0.169033819  8  3  5  I
 0.202883617  8  3  5  i
 0.282187214  8  3  5  i
 0.329403117  8  3  5  i
 0.360252613  8  3  5  i
 0.376610257  8  3  5  i
 0.416184384  8  3  5  i
 0.436686853  8  3  5  i
 0.466946351  8  3  5  i
 0.481537878  8  3  5  i
 0.502780449  8  3  5  i
 0.541445351  8  3  5  i
 0.570765952  8  3  5  i
 0.605956339  8  3  5  i
 0.655995546  8  3  5  i
 0.703778371  8  3  5  i
 0.744146318  8  3  5  i
 0.793914069  8  3  5  i
 0.820004935  8  3  5  i
 0.866684108  8  3  5  i
 0.882129271  8  3  5  i
 0.924168287  8  3  5  i
 0.969158115  8  3  5  i
 0.988191995  8  3  5  i
 1.027866768  8  3  5  i
 1.061617396  8  3  5  i
 1.098622917  8  3  5  i
 1.138895639  8  3  5  i
 1.184853142  8  3  5  i
 1.223908962  8  3  5  i
 1.248397598  8  3  5  i
 1.289801285  8  3  5  i
 1.338677312  8  3  5  i
 1.349051520  8  3  5  i
 1.382146298  8  3  5  i
 1.425056478  8  3  5  i
 1.453776158  8  3  5  i
 1.474635065  8  3  5  i
 1.522249568  8  3  5  i
 1.569462672  8  3  5  i
 1.600169813  8  3  5  i
 1.618716986  8  3  5  i
 1.662571211  8  3  5  i
 1.710898476  8  3  5  i
 1.723273728  8  3  5  i
 1.737947002  8  3  5  i
 1.783297858  8  3  5  i
 1.800059928  8  3  5  i
 1.815994646  8  3  5  i
 0.000000000  12  4  2  M
 0.003939032  12  3  2  M
 0.031015570  12  3  2  m
 0.106139049  12  3  2  m
 0.132782661  12  3  2  m
 0.157172385  12  3  2  m
 0.178595104  12  3  2  m
 0.197815915  12  3  2  m
 0.227182469  12  3  2  m
 0.261698331  12  3  2  m
 0.308664200  12  3  2  m
 0.334488399  12  3  2  m
 0.373703956  12  3  2  m
 0.418945881  12  3  2  m
 0.445771883  12  3  2  m
 0.482488198  12  3  2  m
 0.516085964  12  3  2  m
 0.539988070  12  3  2  m
 0.572765511  12  3  2  m
 0.607401506  12  3  2  m
 0.650414695  12  3  2  m
 0.693512596  12  3  2  m
 0.711033387  12  3  2  m
 0.736943368  12  3  2  m
 0.772402454  12  3  2  m
 0.808303593  12  3  2  m
 0.823642708  12  3  2  m
 0.851276297  12  3  2  m
 0.867535355  12  3  2  m
 0.889656746  12  3  2  m
 0.919473941  12  3  2  m
 0.947276041  12  3  2  m
 0.994382087  12  3  2  m
 1.042319572  12  3  2  m
 1.076392196  12  3  2  m
 1.123350608  12  3  2  m
 1.145754549  12  3  2  m
 1.189621148  12  3  2  m
 1.222229523  12  3  2  m
 1.251292893  12  3  2  m
 1.265738211  12  3  2  m
 1.310705160  12  3  2  m
 1.338080386  12  3  2  m
 1.375342197  12  3  2  m
 1.390978613  12  3  2  m
 1.425219368  12  3  2  m
 1.460053792  12  3  2  m
 1.503171303  12  3  2  m
 1.517501933  12  3  2  m
 1.554725667  12  3  2  m
 1.572647434  12  3  2  m
 1.595315093  12  3  2  m
 1.631050938  12  3  2  m
 1.665079755  12  3  2  m
 1.704785422  12  3  2  m
 1.721644663  12  3  2  m
 1.745566981  12  3  2  m
 1.763843123  12  3  2  m
 1.812400233  12  3  2  m
 1.823129591  12  3  2  m
 1.854280021  12  3  2  m
 1.891255647  12  3  2  m
 1.931014962  12  3  2  m
 1.955243265  12  3  2  m
 1.969419015  12  3  2  m
 1.985476864  12  3  2  m
 2.012845712  12  3  2  m
 2.027585434  12  3  2  m
 2.045870271  12  3  2  m
 2.091138948  12  3  2  m
 2.123904566  12  3  2  m
 0.000000000  4  6  4  E
 0.003071101  4  5  4  E
 0.031948380  4  5  5  E
 0.056245916  4  5  4  E
 0.080646066  4  5  3  E
 0.111427402  4  6  3  E
 0.123591916  4  6  3  e
 0.218353656  4  6  3  e
 0.250042317  4  6  3  e
 0.268802823  4  6  3  e
 0.279039050  4  6  3  e
 0.293149797  4  6  3  e
 0.337536136  4  6  3  e
 0.377777835  4  6  3  e
 0.390791318  4  6  3  e
 0.437240935  4  6  3  e
 0.478284140  4  6  3  e
 0.513182306  4  6  3  e
 0.539552327  4  6  3  e
 0.555365470  4  6  3  e
 0.596864990  4  6  3  e
 0.630352101  4  6  3  e
 0.671729846  4  6  3  e
 0.703658472  4  6  3  e
 0.725328228  4  6  3  e
 0.762226738  4  6  3  e
 0.787115822  4  6  3  e
 0.797833662  4  6  3  e
 0.831784934  4  6  3  e
 0.874443714  4  6  3  e
 0.892664137  4  6  3  e
 0.940182473  4  6  3  e
 0.957470972  4  6  3  e
 1.000964110  4  6  3  e
 1.022618403  4  6  3  e
 1.067768201  4  6  3  e
 1.093965375  4  6  3  e
 1.105929253  4  6  3  e
 1.138501610  4  6  3  e
 1.187731591  4  6  3  e
 1.215669559  4  6  3  e
 1.251018017  4  6  3  e
 1.268478732  4  6  3  e
 1.316562913  4  6  3  e
 1.364038814  4  6  3  e
 1.380132535  4  6  3  e
 1.427844435  4  6  3  e
 1.457131883  4  6  3  e
 1.506464633  4  6  3  e
 1.542694005  4  6  3  e
 1.561886946  4  6  3  e
 1.600826882  4  6  3  e
 1.626545254  4  6  3  e
 1.671853015  4  6  3  e
 1.686707831  4  6  3  e
 1.711580075  4  6  3  e
 1.725125798  4  6  3  e
 1.769390225  4  6  3  e
 1.812791696  4  6  3  e
 1.857520832  4  6  3  e
 1.889399109  4  6  3  e
 1.937911822  4  6  3  e
 1.987673282  4  6  3  e
 2.005522604  4  6  3  e
 2.054669630  4  6  3  e
 2.103044236  4  6  3  e
 2.150356312  4  6  3  e
 2.179831060  4  6  3  e
 0.000000000  11  6  6  L
 0.003789577  11  5  6  L
 0.034854687  11  6  6  L
 0.049055094  11  5  6  L
 0.071984297  11  4  6  L
 0.086819517  11  4  5  L
 0.124803228  11  4  6  L
 0.170126679  11  4  0  L
 0.188517875  11  4  6  L
 0.204481451  11  3  6  L
 0.230952550  11  3  6  l
 0.307143256  11  3  6  l
 0.320901642  11  3  6  l
 0.336532968  11  3  6  l
 0.372174071  11  3  6  l
 0.388813378  11  3  6  l
 0.404115195  11  3  6  l
 0.450032445  11  3  6  l
 0.460558750  11  3  6  l
 0.500765720  11  3  6  l
 0.531657831  11  3  6  l
 0.562505725  11  3  6  l
 0.591272022  11  3  6  l
 0.620748033  11  3  6  l
 0.641547042  11  3  6  l
 0.682318325  11  3  6  l
 0.719879387  11  3  6  l
 0.766732595  11  3  6  l
 0.801127374  11  3  6  l
 0.842356037  11  3  6  l
 0.890216462  11  3  6  l
 0.923576185  11  3  6  l
 0.938496951  11  3  6  l
 0.968946566  11  3  6  l
 0.996078876  11  3  6  l
 1.013436599  11  3  6  l
 1.023727795  11  3  6  l
 1.034863534  11  3  6  l
 1.070176454  11  3  6  l
 1.088887539  11  3  6  l
 1.125329703  11  3  6  l
 1.165869850  11  3  6  l
 1.178858621  11  3  6  l
 1.204025985  11  3  6  l
 1.232800697  11  3  6  l
 1.267043274  11  3  6  l
 1.311557819  11  3  6  l
 1.331409023  11  3  6  l
 1.359773649  11  3  6  l
 1.387374634  11  3  6  l
 1.421362822  11  3  6  l
 1.463869072  11  3  6  l
 1.497013192  11  3  6  l
 1.513318623  11  3  6  l
 1.541258487  11  3  6  l
 1.569876225  11  3  6  l
 1.609539889  11  3  6  l
 1.630670122  11  3  6  l
 1.663977569  11  3  6  l
 1.696623568  11  3  6  l
 1.719185688  11  3  6  l
 1.748034789  11  3  6  l
 1.785470280  11  3  6  l
 1.806349350  11  3  6  l
 1.827342065  11  3  6  l
 1.849111584  11  3  6  l
 1.866814264  11  3  6  l
 1.876966191  11  3  6  l
 1.908865030  11  3  6  l
 1.942254348  11  3  6  l
 1.975066348  11  3  6  l
 2.000683370  11  3  6  l
 2.014288192  11  3  6  l
 2.041837248  11  3  6  l
 2.083939181  11  3  6  l
 2.118128636  11  3  6  l
 2.151364202  11  3  6  l
 2.187853367  11  3  6  l
 2.202928639  11  3  6  l
 0.000000000  5  0  2  F
 0.003152408  5  0  2  f
 0.084840828  5  0  2  f
 0.115880929  5  0  2  f
 0.131988604  5  0  2  f
 0.168178904  5  0  2  f
 0.182547617  5  0  2  f
 0.222423160  5  0  2  f
 0.270257762  5  0  2  f
 0.293369764  5  0  2  f
 0.340017799  5  0  2  f
 0.362904250  5  0  2  f
 0.378539033  5  0  2  f
 0.416870875  5  0  2  f
 0.437834152  5  0  2  f
 0.459346723  5  0  2  f
 0.477290312  5  0  2  f
 0.504182144  5  0  2  f
 0.524075494  5  0  2  f
 0.567549616  5  0  2  f
 0.601055585  5  0  2  f
 0.632669918  5  0  2  f
 0.674840875  5  0  2  f
 0.703568980  5  0  2  f
 0.750758961  5  0  2  f
 0.795738931  5  0  2  f
 0.820374688  5  0  2  f
 0.856028789  5  0  2  f
 0.880558944  5  0  2  f
 0.904365981  5  0  2  f
 0.936762413  5  0  2  f
 0.948871557  5  0  2  f
 0.965609275  5  0  2  f
 0.994403733  5  0  2  f
 1.011751158  5  0  2  f
 1.058477267  5  0  2  f
 1.080244278  5  0  2  f
 1.097942928  5  0  2  f
 1.121788377  5  0  2  f
 1.146191448  5  0  2  f
 1.158593086  5  0  2  f
 1.207559760  5  0  2  f
 1.246343214  5  0  2  f
 1.287636107  5  0  2  f
 1.317161695  5  0  2  f
 1.341023916  5  0  2  f
 1.388238966  5  0  2  f
 1.419333851  5  0  2  f
 1.429558684  5  0  2  f
 1.439996546  5  0  2  f
 1.466451280  5  0  2  f
 1.488358835  5  0  2  f
 1.509436916  5  0  2  f
 1.523143225  5  0  2  f
 1.572570342  5  0  2  f
 1.597996705  5  0  2  f
 1.626800707  5  0  2  f
 1.644491355  5  0  2  f
 1.672900443  5  0  2  f
 1.712900946  5  0  2  f
 1.751444043  5  0  2  f
 1.779215803  5  0  2  f
 1.824183423  5  0  2  f
 1.871698572  5  0  2  f
 1.905180284  5  0  2  f
 1.940224276  5  0  2  f
 1.970047161  5  0  2  f
 1.987330157  5  0  2  f
 2.019406100  5  0  2  f
 2.035097797  5  0  2  f
 2.065036955  5  0  2  f
 2.083792797  5  0  2  f
 2.105472598  5  0  2  f
 2.154025211  5  0  2  f
 2.179309282  5  0  2  f
 2.207668295  5  0  2  f
 2.239029953  5  0  2  f
 0.000000000  7  1  1  H
 0.003443731  7  1  2  H
 0.043983756  7  1  3  H
 0.061177175  7  0  3  H
 0.110450911  7  1  3  H
 0.123229911  7  1  4  H
 0.170312550  7  1  3  H
 0.189937282  7  2  3  H
 0.202389726  7  2  3  h
 0.269022642  7  2  3  h
 0.309866004  7  2  3  h
 0.321995673  7  2  3  h
 0.338415610  7  2  3  h
 0.372963215  7  2  3  h
 0.410190497  7  2  3  h
 0.450618600  7  2  3  h
 0.466735621  7  2  3  h
 0.503629733  7  2  3  h
 0.551885434  7  2  3  h
 0.567347159  7  2  3  h
 0.605633012  7  2  3  h
 0.620254435  7  2  3  h
 0.644419092  7  2  3  h
 0.670260008  7  2  3  h
 0.697458194  7  2  3  h
 0.739160768  7  2  3  h
 0.774615658  7  2  3  h
 0.817365126  7  2  3  h
 0.844816962  7  2  3  h
 0.889188237  7  2  3  h
 0.937238848  7  2  3  h
 0.974780858  7  2  3  h
 0.988757058  7  2  3  h
 1.034716845  7  2  3  h
 1.045975779  7  2  3  h
 1.095741939  7  2  3  h
 1.142752113  7  2  3  h
 1.174048169  7  2  3  h
 1.216316401  7  2  3  h
 1.256942553  7  2  3  h
 1.284746900  7  2  3  h
 1.308693543  7  2  3  h
 1.339877466  7  2  3  h
 1.359077261  7  2  3  h
 1.381500793  7  2  3  h
 1.424662005  7  2  3  h
 1.459460421  7  2  3  h
 1.502683268  7  2  3  h
 1.546563336  7  2  3  h
 1.572161341  7  2  3  h
 1.608163831  7  2  3  h
 1.620610279  7  2  3  h
 1.635161162  7  2  3  h
 1.660451082  7  2  3  h
 1.677379230  7  2  3  h
 1.707047550  7  2  3  h
 1.724025992  7  2  3  h
 1.762198748  7  2  3  h
 1.805877912  7  2  3  h
 1.841360040  7  2  3  h
 1.884175894  7  2  3  h
 1.925577002  7  2  3  h
 1.973208077  7  2  3  h
 2.009272989  7  2  3  h
 2.023608733  7  2  3  h
 2.059275550  7  2  3  h
 2.085782926  7  2  3  h
 2.116552632  7  2  3  h
 2.158767750  7  2  3  h
 2.202752347  7  2  3  h
 2.249877061  7  2  3  h
 2.294343852  7  2  3  h
 2.315333740  7  2  3  h
 2.343261539  7  2  3  h
 2.354058523  7  2  3  h
 2.378524889  7  2  3  h
 2.425302573  7  2  3  h
 2.469193010  7  2  3  h
 0.000000000  13  6  0  N
 0.004017759  13  6  0  n
 0.075187079  13  6  0  n
 0.094391861  13  6  0  n
 0.113889078  13  6  0  n
 0.139200755  13  6  0  n
 0.176270039  13  6  0  n
 0.210716198  13  6  0  n
 0.254038969  13  6  0  n
 0.283046564  13  6  0  n
 0.317909113  13  6  0  n
 0.334422712  13  6  0  n
 0.376923715  13  6  0  n
 0.421923806  13  6  0  n
 0.447053695  13  6  0  n
 0.479008057  13  6  0  n
 0.489770458  13  6  0  n
 0.539664517  13  6  0  n
 0.577717150  13  6  0  n
 0.616239233  13  6  0  n
 0.654776052  13  6  0  n
 0.701964822  13  6  0  n
 0.723285292  13  6  0  n
 0.757368954  13  6  0  n
 0.773280632  13  6  0  n
 0.789992271  13  6  0  n
 0.835830702  13  6  0  n
 0.872395834  13  6  0  n
 0.912171482  13  6  0  n
 0.939282984  13  6  0  n
 0.984829194  13  6  0  n
 1.006352301  13  6  0  n
 1.018811494  13  6  0  n
 1.068104902  13  6  0  n
 1.102864909  13  6  0  n
 1.131911237  13  6  0  n
 1.153857724  13  6  0  n
 1.177284654  13  6  0  n
 1.217622920  13  6  0  n
 1.228796540  13  6  0  n
 1.261769662  13  6  0  n
 1.310605976  13  6  0  n
 1.358400190  13  6  0  n
 1.407281220  13  6  0  n
 1.443959709  13  6  0  n
 1.458803597  13  6  0  n
 1.479661863  13  6  0  n
 1.494283994  13  6  0  n
 1.506217331  13  6  0  n
 1.537327208  13  6  0  n
 1.578431109  13  6  0  n
 1.589213043  13  6  0  n
 1.624242830  13  6  0  n
 1.642715381  13  6  0  n
 1.674377626  13  6  0  n
 1.719586675  13  6  0  n
 1.760754252  13  6  0  n
 1.795499167  13  6  0  n
 1.805901058  13  6  0  n
 1.817664574  13  6  0  n
 1.833621547  13  6  0  n
 1.882700631  13  6  0  n
 1.896096490  13  6  0  n
 1.922287564  13  6  0  n
 1.946448138  13  6  0  n
 1.969281401  13  6  0  n
 2.003772190  13  6  0  n
 2.014606184  13  6  0  n
 2.041890042  13  6  0  n
 2.088394004  13  6  0  n
 2.104534019  13  6  0  n
 2.128930377  13  6  0  n
 2.174334812  13  6  0  n
 2.221915902  13  6  0  n
 2.264933183  13  6  0  n
 2.288468703  13  6  0  n
 2.298945518  13  6  0  n
 2.343469508  13  6  0  n
 2.358556409  13  6  0  n
 2.373832865  13  6  0  n
 2.418082455  13  6  0  n
 2.455982956  13  6  0  n
 2.475220833  13  6  0  n
 2.486218833  13  6  0  n
 2.520093197  13  6  0  n
 2.562449746  13  6  0  n
 2.589807332  13  6  0  n
 2.604257368  13  6  0  n
 2.646369498  13  6  0  n
 2.669151766  13  6  0  n
 2.698969354  13  6  0  n
 2.739776957  13  6  0  n
 2.780708875  13  6  0  n
 2.804173167  13  6  0  n
 2.821372882  13  6  0  n
 2.832143103  13  6  0  n
 2.861162297  13  6  0  n
 2.876717164  13  6  0  n
 2.918485371  13  6  0  n
 2.948814814  13  6  0  n
 0.000000000  6  5  1  G
 0.003315955  6  5  1  g
 0.096147726  6  5  1  g
 0.133037514  6  5  1  g
 0.168841619  6  5  1  g
 0.209265256  6  5  1  g
 0.237175013  6  5  1  g
 0.248900283  6  5  1  g
 0.283933288  6  5  1  g
 0.323326636  6  5  1  g
 0.360177517  6  5  1  g
 0.389601619  6  5  1  g
 0.421899959  6  5  1  g
 0.438925012  6  5  1  g
 0.471306923  6  5  1  g
 0.493637899  6  5  1  g
 0.534797716  6  5  1  g
 0.578923601  6  5  1  g
 0.614806392  6  5  1  g
 0.656450980  6  5  1  g
 0.681333499  6  5  1  g
 0.710359034  6  5  1  g
 0.759692052  6  5  1  g
 0.774137367  6  5  1  g
 0.788462699  6  5  1  g
 0.818336852  6  5  1  g
 0.853897179  6  5  1  g
 0.895538410  6  5  1  g
 0.910604387  6  5  1  g
 0.929196658  6  5  1  g
 0.974976473  6  5  1  g
 1.019130592  6  5  1  g
 1.035755743  6  5  1  g
 1.069543288  6  5  1  g
 1.096395668  6  5  1  g
 1.122770096  6  5  1  g
 1.138643368  6  5  1  g
 1.149679688  6  5  1  g
 1.194670131  6  5  1  g
 1.230271372  6  5  1  g
 1.265171464  6  5  1  g
 1.306592188  6  5  1  g
 1.321805951  6  5  1  g
 1.363331703  6  5  1  g
 1.383579793  6  5  1  g
 1.404081350  6  5  1  g
 1.426962909  6  5  1  g
 1.444471054  6  5  1  g
 1.476224651  6  5  1  g
 1.524101029  6  5  1  g
 1.547920947  6  5  1  g
 1.577524653  6  5  1  g
 1.606779333  6  5  1  g
 1.641824911  6  5  1  g
 1.686715332  6  5  1  g
 1.713321689  6  5  1  g
 1.760884569  6  5  1  g
 1.788446315  6  5  1  g
 1.806878395  6  5  1  g
 1.828032890  6  5  1  g
 1.855006482  6  5  1  g
 1.880020653  6  5  1  g
 1.923181136  6  5  1  g
 1.946356979  6  5  1  g
 1.974821013  6  5  1  g
 1.987831131  6  5  1  g
 2.030521912  6  5  1  g
 2.043218834  6  5  1  g
 2.089749231  6  5  1  g
 2.124683193  6  5  1  g
 2.159469683  6  5  1  g
 2.196268697  6  5  1  g
 2.208768837  6  5  1  g
 2.253644156  6  5  1  g
 2.265495986  6  5  1  g
 2.299867502  6  5  1  g
 2.324700894  6  5  1  g
 2.363384338  6  5  1  g
 2.400159646  6  5  1  g
 2.425312117  6  5  1  g
 2.441892186  6  5  1  g
 2.458258260  6  5  1  g
 2.504904521  6  5  1  g
 2.517216677  6  5  1  g
 2.560829655  6  5  1  g
 2.608115843  6  5  1  g
 2.624004234  6  5  1  g
 2.658901916  6  5  1  g
 2.670410956  6  5  1  g
 2.688309155  6  5  1  g
 2.720412776  6  5  1  g
 2.737938450  6  5  1  g
 2.766547376  6  5  1  g
 2.791445643  6  5  1  g
 2.806424010  6  5  1  g
 2.832536660  6  5  1  g
 2.863798810  6  5  1  g
 2.888387068  6  5  1  g
 2.904552518  6  5  1  g
 2.951649234  6  5  1  g
 2.982995324  6  5  1  g
 0.000000000  9  2  5  J
 0.003636114  9  1  5  J
 0.044178432  9  1  5  j
 0.138957672  9  1  5  j
 0.183873468  9  1  5  j
 0.211330598  9  1  5  j
 0.240992865  9  1  5  j
 0.272218227  9  1  5  j
 0.303132073  9  1  5  j
 0.317423659  9  1  5  j
 0.327869004  9  1  5  j
 0.370514680  9  1  5  j
 0.404975888  9  1  5  j
 0.451468294  9  1  5  j
 0.474600021  9  1  5  j
 0.503528429  9  1  5  j
 0.546558872  9  1  5  j
 0.592683412  9  1  5  j
 0.630046066  9  1  5  j
 0.674151992  9  1  5  j
 0.703271955  9  1  5  j
 0.732290120  9  1  5  j
 0.748753947  9  1  5  j
 0.797149848  9  1  5  j
 0.839297762  9  1  5  j
 0.887946358  9  1  5  j
 0.928371075  9  1  5  j
 0.966306562  9  1  5  j
 0.981384342  9  1  5  j
 1.030153639  9  1  5  j
 1.062478161  9  1  5  j
 1.095419748  9  1  5  j
 1.127531998  9  1  5  j
 1.143204552  9  1  5  j
 1.184671906  9  1  5  j
 1.213518403  9  1  5  j
 1.228140299  9  1  5  j
 1.259864382  9  1  5  j
 1.282367785  9  1  5  j
 1.311101999  9  1  5  j
 1.345224655  9  1  5  j
 1.370974851  9  1  5  j
 1.410067599  9  1  5  j
 1.453767880  9  1  5  j
 1.477129080  9  1  5  j
 1.507180598  9  1  5  j
 1.521191826  9  1  5  j
 1.567973868  9  1  5  j
 1.601572426  9  1  5  j
 1.639665372  9  1  5  j
 1.686698148  9  1  5  j
 1.718622425  9  1  5  j
 1.752312942  9  1  5  j
 1.762630296  9  1  5  j
 1.787154245  9  1  5  j
 1.836561448  9  1  5  j
 1.867648432  9  1  5  j
 1.888864932  9  1  5  j
 1.919738198  9  1  5  j
 1.960433135  9  1  5  j
 1.986810903  9  1  5  j
 2.032857525  9  1  5  j
 2.063826368  9  1  5  j
 2.107159271  9  1  5  j
 2.147853160  9  1  5  j
 2.188723599  9  1  5  j
 2.227475773  9  1  5  j
 2.241814431  9  1  5  j
 2.253302425  9  1  5  j
 2.294597945  9  1  5  j
 2.334713260  9  1  5  j
 2.378001810  9  1  5  j
 2.397260414  9  1  5  j
 2.408528901  9  1  5  j
 2.454843976  9  1  5  j
 2.473238791  9  1  5  j
 2.497013500  9  1  5  j
 2.537322259  9  1  5  j
 2.556444327  9  1  5  j
 2.570403507  9  1  5  j
 2.614640647  9  1  5  j
 2.656412380  9  1  5  j
 2.689397385  9  1  5  j
 2.734995384  9  1  5  j
 2.782341039  9  1  5  j
 2.821830355  9  1  5  j
 2.868036847  9  1  5  j
 2.912553844  9  1  5  j
 2.923187125  9  1  5  j
 2.950614963  9  1  5  j
 2.962735923  9  1  5  j
 2.987384472  9  1  5  j
 3.011129684  9  1  5  j
 3.058830216  9  1  5  j
 3.082223568  9  1  5  j
 3.104947036  9  1  5  j
 3.146949560  9  1  5  j
