-1 15 15 15
0.000000 2 2 2 C 
0.000263 2 2 1 C 
0.045780 2 2 0 C 
0.071032 2 2 14 C 
0.097732 2 2 13 C 
0.139463 2 2 12 C 
0.181026 2 2 11 C 
0.208931 2 2 10 C 
0.228415 2 2 9 C 
0.258252 2 2 8 C 
0.280602 2 2 7 C 
0.297857 2 2 6 C 
0.334676 2 2 5 C 
0.394474 2 2 4 C 
0.441481 2 2 3 C 
0.490045 2 2 2 C 
0.503827 2 2 1 C 
0.542176 2 2 0 C 
0.589168 2 2 14 C 
0.619623 2 2 13 C 
0.630224 2 2 12 C 
0.644399 2 2 11 C 
0.000000 11 11 11 L 
0.000333 11 10 11 L 
0.036034 11 9 11 L 
0.058197 11 8 11 L 
0.076370 11 7 11 L 
0.118187 11 6 11 L 
0.156547 11 5 11 L 
0.175733 11 4 11 L 
0.233614 11 3 11 L 
0.284095 11 2 11 L 
0.311679 11 1 11 L 
0.345317 11 0 11 L 
0.361370 11 14 11 L 
0.408503 11 13 11 L 
0.455487 11 12 11 L 
0.504885 11 11 11 L 
0.533460 11 10 11 L 
0.569436 11 9 11 L 
0.587846 11 8 11 L 
0.630223 11 7 11 L 
0.661361 11 6 11 L 
0.683226 11 5 11 L 
0.711363 11 4 11 L 
0.748976 11 3 11 L 
0.795799 11 3 11 l 
0.000000 13 13 13 N 
0.000337 13 14 13 N 
0.011509 13 0 13 N 
0.028448 13 1 13 N 
0.066794 13 2 13 N 
0.077539 13 3 13 N 
0.093498 13 4 13 N 
0.142633 13 5 13 N 
0.156543 13 6 13 N 
0.206677 13 7 13 N 
0.252844 13 8 13 N 
0.287083 13 9 13 N 
0.327323 13 10 13 N 
0.373054 13 11 13 N 
0.417200 13 12 13 N 
0.445791 13 13 13 N 
0.483290 13 14 13 N 
0.521050 13 0 13 N 
0.535592 13 1 13 N 
0.565255 13 2 13 N 
0.582280 13 3 13 N 
0.595616 13 4 13 N 
0.633653 13 5 13 N 
0.661524 13 6 13 N 
0.689658 13 7 13 N 
0.712534 13 8 13 N 
0.779853 13 9 13 N 
0.816092 13 10 13 N 
0.840603 13 11 13 N 
0.860892 13 12 13 N 
0.000000 12 12 12 M 
0.000350 12 12 13 M 
0.016841 12 12 14 M 
0.062600 12 12 0 M 
0.091377 12 12 1 M 
0.113678 12 12 2 M 
0.131998 12 12 3 M 
0.153359 12 12 4 M 
0.175743 12 12 5 M 
0.191506 12 12 6 M 
0.228563 12 12 7 M 
0.243381 12 12 8 M 
0.274303 12 12 9 M 
0.317973 12 12 10 M 
0.363619 12 12 11 M 
0.403070 12 12 12 M 
0.429781 12 12 13 M 
0.483291 12 12 14 M 
0.533471 12 12 0 M 
0.568372 12 12 1 M 
0.615435 12 12 2 M 
0.662422 12 12 3 M 
0.677783 12 12 4 M 
0.722118 12 12 5 M 
0.742494 12 12 6 M 
0.791587 12 12 7 M 
0.805577 12 12 8 M 
0.854405 12 12 9 M 
0.886489 12 12 10 M 
0.917708 12 12 11 M 
0.929520 12 12 12 M 
0.977292 12 12 12 m 
0.000000 5 5 5 F 
0.000292 5 6 5 F 
0.014710 5 7 5 F 
0.026232 5 8 5 F 
0.066915 5 9 5 F 
0.106331 5 10 5 F 
0.148075 5 11 5 F 
0.189384 5 12 5 F 
0.228567 5 13 5 F 
0.265678 5 14 5 F 
0.287231 5 0 5 F 
0.304102 5 1 5 F 
0.331554 5 2 5 F 
0.346475 5 3 5 F 
0.394472 5 4 5 F 
0.423485 5 5 5 F 
0.458686 5 6 5 F 
0.475735 5 7 5 F 
0.502664 5 8 5 F 
0.527224 5 9 5 F 
0.562181 5 10 5 F 
0.589169 5 11 5 F 
0.626018 5 12 5 F 
0.647680 5 13 5 F 
0.664662 5 14 5 F 
0.699678 5 0 5 F 
0.728614 5 1 5 F 
0.766845 5 2 5 F 
0.805469 5 3 5 F 
0.849095 5 4 5 F 
0.896279 5 5 5 F 
0.918742 5 6 5 F 
0.954735 5 7 5 F 
0.965618 5 8 5 F 
1.011798 5 9 5 F 
1.058921 5 10 5 F 
1.069734 5 11 5 F 
1.110214 5 12 5 F 
1.153521 5 13 5 F 
0.000000 7 7 7 H 
0.000308 7 8 7 H 
0.014705 7 9 7 H 
0.049076 7 10 7 H 
0.062604 7 11 7 H 
0.084901 7 12 7 H 
0.124681 7 13 7 H 
0.166209 7 14 7 H 
0.207858 7 0 7 H 
0.253999 7 1 7 H 
0.294735 7 2 7 H 
0.345406 7 3 7 H 
0.388019 7 4 7 H 
0.414958 7 5 7 H 
0.432957 7 6 7 H 
0.458685 7 7 7 H 
0.484450 7 8 7 H 
0.501596 7 9 7 H 
0.539918 7 10 7 H 
0.583479 7 11 7 H 
0.598920 7 12 7 H 
0.610038 7 13 7 H 
0.648738 7 14 7 H 
0.661362 7 0 7 H 
0.672207 7 1 7 H 
0.683228 7 2 7 H 
0.705000 7 3 7 H 
0.729788 7 4 7 H 
0.771375 7 5 7 H 
0.785086 7 6 7 H 
0.807744 7 7 7 H 
0.828752 7 8 7 H 
0.855579 7 9 7 H 
0.895221 7 10 7 H 
0.925266 7 11 7 H 
0.963360 7 12 7 H 
0.988853 7 13 7 H 
1.021633 7 14 7 H 
1.064216 7 0 7 H 
1.085734 7 1 7 H 
1.099555 7 2 7 H 
1.142794 7 3 7 H 
1.179794 7 4 7 H 
1.225080 7 5 7 H 
0.000000 10 10 10 K 
0.000321 10 10 9 K 
0.044596 10 10 8 K 
0.088198 10 10 7 K 
0.127859 10 10 6 K 
0.152406 10 10 5 K 
0.189385 10 10 4 K 
0.211156 10 10 3 K 
0.257189 10 10 2 K 
0.289368 10 10 1 K 
0.330620 10 10 0 K 
0.362560 10 10 14 K 
0.399790 10 10 13 K 
0.422321 10 10 12 K 
0.460910 10 10 11 K 
0.498338 10 10 10 K 
0.512353 10 10 9 K 
0.532398 10 10 8 K 
0.568506 10 10 7 K 
0.598921 10 10 6 K 
0.645608 10 10 5 K 
0.695324 10 10 4 K 
0.707240 10 10 3 K 
0.753196 10 10 2 K 
0.790408 10 10 1 K 
0.837163 10 10 0 K 
0.866258 10 10 14 K 
0.897444 10 10 13 K 
0.934739 10 10 12 K 
0.972984 10 10 11 K 
1.017197 10 10 10 K 
1.033454 10 10 9 K 
1.048121 10 10 8 K 
1.060906 10 10 7 K 
1.105930 10 10 6 K 
1.138626 10 10 5 K 
1.153628 10 10 4 K 
1.189464 10 10 3 K 
1.231380 10 10 2 K 
1.275718 10 10 1 K 
1.312927 10 10 0 K 
0.000000 9 9 9 J 
0.000317 9 8 9 J 
0.020970 9 7 9 J 
0.059268 9 6 9 J 
0.114859 9 5 9 J 
0.133167 9 4 9 J 
0.181025 9 3 9 J 
0.214275 9 2 9 J 
0.241127 9 1 9 J 
0.258250 9 0 9 J 
0.305160 9 14 9 J 
0.328516 9 13 9 J 
0.376362 9 12 9 J 
0.394361 9 11 9 J 
0.438394 9 10 9 J 
0.482141 9 9 9 J 
0.531340 9 8 9 J 
0.545295 9 7 9 J 
0.585576 9 6 9 J 
0.636045 9 5 9 J 
0.661517 9 4 9 J 
0.694081 9 3 9 J 
0.720123 9 2 9 J 
0.769107 9 1 9 J 
0.801230 9 0 9 J 
0.843739 9 14 9 J 
0.857595 9 13 9 J 
0.908181 9 12 9 J 
0.927392 9 11 9 J 
0.969867 9 10 9 J 
1.014024 9 9 9 J 
1.030338 9 8 9 J 
1.077270 9 7 9 J 
1.102613 9 6 9 J 
1.143985 9 5 9 J 
1.163271 9 4 9 J 
1.201978 9 3 9 J 
1.245275 9 2 9 J 
1.271442 9 1 9 J 
1.283587 9 0 9 J 
1.326559 9 14 9 J 
0.000000 14 14 14 O 
0.000209 14 14 13 O 
0.028450 14 14 12 O 
0.042467 14 14 11 O 
0.077427 14 14 10 O 
0.092438 14 14 9 O 
0.122461 14 14 8 O 
0.139533 14 14 7 O 
0.166211 14 14 6 O 
0.193620 14 14 5 O 
0.228273 14 14 4 O 
0.259315 14 14 3 O 
0.271185 14 14 2 O 
0.291723 14 14 1 O 
0.337878 14 14 0 O 
0.372963 14 14 14 O 
0.394467 14 14 13 O 
0.429911 14 14 12 O 
0.470364 14 14 11 O 
0.501508 14 14 10 O 
0.512482 14 14 9 O 
0.538739 14 14 8 O 
0.585569 14 14 7 O 
0.596679 14 14 6 O 
0.611096 14 14 5 O 
0.647678 14 14 4 O 
0.671012 14 14 3 O 
0.707338 14 14 2 O 
0.720001 14 14 1 O 
0.740377 14 14 0 O 
0.753195 14 14 14 O 
0.793682 14 14 13 O 
0.841662 14 14 12 O 
0.864253 14 14 11 O 
0.890679 14 14 10 O 
0.932639 14 14 9 O 
0.961095 14 14 8 O 
1.001442 14 14 7 O 
1.022815 14 14 6 O 
1.045004 14 14 5 O 
1.091964 14 14 4 O 
1.117822 14 14 3 O 
1.144100 14 14 2 O 
1.179790 14 14 1 O 
1.211457 14 14 0 O 
1.233625 14 14 14 O 
1.270327 14 14 13 O 
1.298304 14 14 12 O 
1.337025 14 14 11 O 
1.359967 14 14 10 O 
1.403805 14 14 10 o 
0.000000 8 8 8 I 
0.000312 8 8 9 I 
0.059270 8 8 10 I 
0.091378 8 8 11 I 
0.133169 8 8 12 I 
0.144869 8 8 13 I 
0.188323 8 8 14 I 
0.219856 8 8 0 I 
0.238739 8 8 1 I 
0.279541 8 8 2 I 
0.328381 8 8 3 I 
0.363748 8 8 4 I 
0.410621 8 8 5 I 
0.455572 8 8 6 I 
0.492161 8 8 7 I 
0.539919 8 8 8 I 
0.585455 8 8 9 I 
0.634869 8 8 10 I 
0.682036 8 8 11 I 
0.703941 8 8 12 I 
0.732030 8 8 13 I 
0.746739 8 8 14 I 
0.779852 8 8 0 I 
0.801232 8 8 1 I 
0.823443 8 8 2 I 
0.868372 8 8 3 I 
0.892997 8 8 4 I 
0.913463 8 8 5 I 
0.945383 8 8 6 I 
0.983581 8 8 7 I 
1.022816 8 8 8 I 
1.065416 8 8 9 I 
1.102615 8 8 10 I 
1.138625 8 8 11 I 
1.163273 8 8 12 I 
1.184025 8 8 13 I 
1.207282 8 8 14 I 
1.219795 8 8 0 I 
1.245152 8 8 1 I 
1.281266 8 8 2 I 
1.302461 8 8 3 I 
1.349676 8 8 4 I 
1.364312 8 8 5 I 
1.393228 8 8 6 I 
1.408920 8 8 7 I 
1.441353 8 8 8 I 
1.491237 8 8 9 I 
1.539077 8 8 10 I 
0.000000 4 4 4 E 
0.000288 4 4 3 E 
0.035964 4 4 2 E 
0.073146 4 4 1 E 
0.107505 4 4 0 E 
0.123648 4 4 14 E 
0.138405 4 4 13 E 
0.156544 4 4 12 E 
0.201016 4 4 11 E 
0.215441 4 4 10 E 
0.233613 4 4 9 E 
0.275362 4 4 8 E 
0.291586 4 4 7 E 
0.330495 4 4 6 E 
0.351702 4 4 5 E 
0.375181 4 4 4 E 
0.401903 4 4 3 E 
0.438501 4 4 2 E 
0.453271 4 4 1 E 
0.486651 4 4 0 E 
0.527222 4 4 14 E 
0.572738 4 4 13 E 
0.586516 4 4 12 E 
0.613338 4 4 11 E 
0.631420 4 4 10 E 
0.657048 4 4 9 E 
0.677787 4 4 8 E 
0.691735 4 4 7 E 
0.740378 4 4 6 E 
0.771374 4 4 5 E 
0.795797 4 4 4 E 
0.828733 4 4 3 E 
0.864144 4 4 2 E 
0.890828 4 4 1 E 
0.917683 4 4 0 E 
0.935928 4 4 14 E 
0.954736 4 4 13 E 
0.997203 4 4 12 E 
1.039643 4 4 11 E 
1.058925 4 4 10 E 
1.081407 4 4 9 E 
1.099658 4 4 8 E 
1.135340 4 4 7 E 
1.161154 4 4 6 E 
1.180852 4 4 5 E 
1.202916 4 4 4 E 
1.227206 4 4 3 E 
1.276796 4 4 2 E 
1.297215 4 4 1 E 
1.324526 4 4 0 E 
1.347586 4 4 14 E 
1.367389 4 4 13 E 
1.397481 4 4 12 E 
1.415446 4 4 11 E 
1.449573 4 4 10 E 
1.497195 4 4 9 E 
1.520390 4 4 8 E 
1.530815 4 4 7 E 
1.549674 4 4 6 E 
1.574664 4 4 5 E 
1.601355 4 4 4 E 
1.644075 4 4 3 E 
1.668173 4 4 2 E 
1.682620 4 4 1 E 
1.704688 4 4 0 E 
1.728590 4 4 14 E 
1.739141 4 4 13 E 
1.776486 4 4 12 E 
1.805445 4 4 11 E 
1.825369 4 4 10 E 
1.869196 4 4 9 E 
1.889191 4 4 8 E 
1.929612 4 4 7 E 
1.945410 4 4 6 E 
1.961953 4 4 5 E 
1.998255 4 4 4 E 
2.012947 4 4 3 E 
0.000000 0 0 0 A 
0.000252 0 0 1 A 
0.047900 0 0 2 A 
0.062467 0 0 3 A 
0.107389 0 0 4 A 
0.157678 0 0 5 A 
0.205499 0 0 6 A 
0.224972 0 0 7 A 
0.294736 0 0 8 A 
0.326264 0 0 9 A 
0.359132 0 0 10 A 
0.392137 0 0 11 A 
0.416016 0 0 12 A 
0.438310 0 0 13 A 
0.460805 0 0 14 A 
0.488984 0 0 0 A 
0.521049 0 0 1 A 
0.562071 0 0 2 A 
0.587984 0 0 3 A 
0.629156 0 0 4 A 
0.665680 0 0 5 A 
0.682150 0 0 6 A 
0.725432 0 0 7 A 
0.762602 0 0 8 A 
0.806688 0 0 9 A 
0.832989 0 0 10 A 
0.843737 0 0 11 A 
0.891940 0 0 12 A 
0.923132 0 0 13 A 
0.943263 0 0 14 A 
0.978350 0 0 0 A 
1.027164 0 0 1 A 
1.077272 0 0 2 A 
1.123978 0 0 3 A 
1.155639 0 0 4 A 
1.204112 0 0 5 A 
1.220963 0 0 6 A 
1.252512 0 0 7 A 
1.276793 0 0 8 A 
1.308788 0 0 9 A 
1.371526 0 0 10 A 
1.383935 0 0 11 A 
1.409028 0 0 12 A 
1.456114 0 0 13 A 
1.497091 0 0 14 A 
1.522511 0 0 0 A 
1.545434 0 0 1 A 
1.561863 0 0 2 A 
1.594956 0 0 3 A 
1.629405 0 0 4 A 
1.640873 0 0 5 A 
1.669358 0 0 6 A 
1.686862 0 0 7 A 
1.706823 0 0 8 A 
1.740211 0 0 9 A 
1.758591 0 0 10 A 
1.771099 0 0 11 A 
1.791194 0 0 12 A 
1.810848 0 0 13 A 
1.848487 0 0 14 A 
1.897374 0 0 0 A 
1.914494 0 0 1 A 
1.936074 0 0 2 A 
1.982689 0 0 3 A 
2.009815 0 0 4 A 
2.051317 0 0 5 A 
2.064279 0 0 6 A 
2.110400 0 0 7 A 
2.144553 0 0 8 A 
2.158174 0 0 9 A 
2.199851 0 0 10 A 
2.231097 0 0 11 A 
2.271368 0 0 12 A 
2.303273 0 0 13 A 
2.331424 0 0 14 A 
2.350819 0 0 0 A 
0.000000 3 3 3 D 
0.000277 3 4 3 D 
0.073147 3 5 3 D 
0.104092 3 6 3 D 
0.146854 3 7 3 D 
0.188431 3 8 3 D 
0.201140 3 9 3 D 
0.241009 3 10 3 D 
0.289370 3 11 3 D 
0.317975 3 12 3 D 
0.336805 3 13 3 D 
0.365732 3 14 3 D 
0.399875 3 0 3 D 
0.423582 3 1 3 D 
0.450011 3 2 3 D 
0.466045 3 3 3 D 
0.490044 3 4 3 D 
0.517790 3 5 3 D 
0.541114 3 6 3 D 
0.562073 3 7 3 D 
0.581217 3 8 3 D 
0.613216 3 9 3 D 
0.657169 3 10 3 D 
0.697439 3 11 3 D 
0.711362 3 12 3 D 
0.729900 3 13 3 D 
0.776548 3 14 3 D 
0.803352 3 0 3 D 
0.838368 3 1 3 D 
0.886505 3 2 3 D 
0.932756 3 3 3 D 
0.963359 3 4 3 D 
1.009682 3 5 3 D 
1.042942 3 6 3 D 
1.058792 3 7 3 D 
1.099441 3 8 3 D 
1.124101 3 9 3 D 
1.169569 3 10 3 D 
1.201857 3 11 3 D 
1.231379 3 12 3 D 
1.248276 3 13 3 D 
1.270326 3 14 3 D 
1.289877 3 0 3 D 
1.312925 3 1 3 D 
1.333906 3 2 3 D 
1.382860 3 3 3 D 
1.395349 3 4 3 D 
1.429817 3 5 3 D 
1.458228 3 6 3 D 
1.493729 3 7 3 D 
1.526598 3 8 3 D 
1.550734 3 9 3 D 
1.592743 3 10 3 D 
1.635633 3 11 3 D 
1.655779 3 12 3 D 
1.698161 3 13 3 D 
1.743444 3 14 3 D 
1.754005 3 0 3 D 
1.767881 3 1 3 D 
1.806540 3 2 3 D 
1.848410 3 3 3 D 
1.879934 3 4 3 D 
1.890549 3 5 3 D 
1.911274 3 6 3 D 
1.964089 3 7 3 D 
2.008746 3 8 3 D 
2.033712 3 9 3 D 
2.069501 3 10 3 D 
2.090469 3 11 3 D 
2.108184 3 12 3 D 
2.137164 3 13 3 D 
2.153934 3 14 3 D 
2.179031 3 0 3 D 
2.214397 3 1 3 D 
2.256008 3 2 3 D 
2.272622 3 3 3 D 
2.312852 3 3 3 d 
0.000000 1 1 1 B 
0.000256 1 0 1 B 
0.030660 1 14 1 B 
0.047898 1 13 1 B 
0.094556 1 12 1 B 
0.132000 1 11 1 B 
0.144739 1 10 1 B 
0.191505 1 9 1 B 
0.215443 1 8 1 B 
0.244445 1 7 1 B 
0.279540 1 6 1 B 
0.294900 1 5 1 B 
0.342107 1 4 1 B 
0.357016 1 3 1 B 
0.395546 1 2 1 B 
0.416126 1 1 1 B 
0.434103 1 0 1 B 
0.455488 1 14 1 B 
0.504886 1 13 1 B 
0.545324 1 12 1 B 
0.561009 1 11 1 B 
0.574977 1 10 1 B 
0.615331 1 9 1 B 
0.649800 1 8 1 B 
0.672350 1 7 1 B 
0.699680 1 6 1 B 
0.738402 1 5 1 B 
0.782970 1 4 1 B 
0.824529 1 3 1 B 
0.855465 1 2 1 B 
0.874796 1 1 1 B 
0.917706 1 0 1 B 
0.966689 1 14 1 B 
0.989912 1 13 1 B 
1.026105 1 12 1 B 
1.058927 1 11 1 B 
1.104735 1 10 1 B 
1.146233 1 9 1 B 
1.159931 1 8 1 B 
1.182966 1 7 1 B 
1.232566 1 6 1 B 
1.277987 1 5 1 B 
1.324442 1 4 1 B 
1.361131 1 3 1 B 
1.375682 1 2 1 B 
1.393239 1 1 1 B 
1.434108 1 0 1 B 
1.450768 1 14 1 B 
1.495916 1 13 1 B 
1.519318 1 12 1 B 
1.540177 1 11 1 B 
1.564982 1 10 1 B 
1.607490 1 9 1 B 
1.651615 1 8 1 B 
1.686768 1 7 1 B 
1.710958 1 6 1 B 
1.744607 1 5 1 B 
1.758506 1 4 1 B 
1.785875 1 3 1 B 
1.811947 1 2 1 B 
1.843044 1 1 1 B 
1.869199 1 0 1 B 
1.906811 1 14 1 B 
1.930824 1 13 1 B 
1.972291 1 12 1 B 
2.006521 1 11 1 B 
2.023216 1 10 1 B 
2.035916 1 9 1 B 
2.053648 1 8 1 B 
2.093691 1 7 1 B 
2.140342 1 6 1 B 
2.151802 1 5 1 B 
2.172644 1 4 1 B 
2.184287 1 3 1 B 
2.233502 1 2 1 B 
2.271372 1 1 1 B 
2.304551 1 0 1 B 
2.332498 1 14 1 B 
2.370687 1 13 1 B 
2.399930 1 12 1 B 
2.423760 1 11 1 B 
2.447395 1 10 1 B 
2.471979 1 9 1 B 
2.519698 1 8 1 B 
2.543738 1 7 1 B 
2.584062 1 6 1 B 
2.607863 1 5 1 B 
2.619230 1 4 1 B 
2.655305 1 3 1 B 
2.683851 1 2 1 B 
2.702168 1 1 1 B 
2.722632 1 0 1 B 
2.753924 1 14 1 B 
2.801438 1 13 1 B 
2.835232 1 12 1 B 
2.879875 1 11 1 B 
2.926049 1 10 1 B 
