-1 15 15 15
0.000000 12 12 12 M 
0.000293 12 12 11 M 
0.049540 12 12 10 M 
0.097106 12 12 9 M 
0.138589 12 12 8 M 
0.170572 12 12 7 M 
0.220198 12 12 6 M 
0.253391 12 12 5 M 
0.308198 12 12 4 M 
0.341778 12 12 3 M 
0.396709 12 12 2 M 
0.421925 12 12 1 M 
0.000000 1 1 1 B 
0.000271 1 0 1 B 
0.012433 1 14 1 B 
0.045197 1 13 1 B 
0.058896 1 12 1 B 
0.087246 1 11 1 B 
0.102522 1 10 1 B 
0.147058 1 9 1 B 
0.157858 1 8 1 B 
0.188880 1 7 1 B 
0.236330 1 6 1 B 
0.263223 1 5 1 B 
0.313822 1 4 1 B 
0.338625 1 3 1 B 
0.386885 1 2 1 B 
0.415124 1 1 1 B 
0.444411 1 0 1 B 
0.460676 1 14 1 B 
0.495169 1 13 1 B 
0.530538 1 13 1 b 
0.000000 8 8 8 I 
0.000281 8 8 7 I 
0.049543 8 8 6 I 
0.071819 8 8 5 I 
0.089516 8 8 4 I 
0.124858 8 8 3 I 
0.136379 8 8 2 I 
0.149198 8 8 1 I 
0.161038 8 8 0 I 
0.188878 8 8 14 I 
0.201664 8 8 13 I 
0.245784 8 8 12 I 
0.276117 8 8 11 I 
0.299901 8 8 10 I 
0.311562 8 8 9 I 
0.344913 8 8 8 I 
0.369922 8 8 7 I 
0.390173 8 8 6 I 
0.420771 8 8 5 I 
0.467927 8 8 4 I 
0.514760 8 8 3 I 
0.544800 8 8 2 I 
0.583503 8 8 1 I 
0.625167 8 8 0 I 
0.665057 8 8 14 I 
0.683683 8 8 13 I 
0.717986 8 8 12 I 
0.760759 8 8 11 I 
0.809516 8 8 10 I 
0.000000 9 9 9 J 
0.000278 9 10 9 J 
0.036291 9 11 9 J 
0.074960 9 12 9 J 
0.097181 9 13 9 J 
0.138587 9 14 9 J 
0.165241 9 0 9 J 
0.208282 9 1 9 J 
0.233026 9 2 9 J 
0.246840 9 3 9 J 
0.267501 9 4 9 J 
0.297592 9 5 9 J 
0.337413 9 6 9 J 
0.359799 9 7 9 J 
0.405251 9 8 9 J 
0.417836 9 9 9 J 
0.467986 9 10 9 J 
0.510418 9 11 9 J 
0.531683 9 12 9 J 
0.551162 9 13 9 J 
0.588762 9 14 9 J 
0.610099 9 0 9 J 
0.643164 9 1 9 J 
0.674970 9 2 9 J 
0.720254 9 3 9 J 
0.742764 9 4 9 J 
0.756483 9 5 9 J 
0.767209 9 6 9 J 
0.811799 9 7 9 J 
0.833755 9 8 9 J 
0.845345 9 9 9 J 
0.000000 11 11 11 L 
0.000283 11 12 11 L 
0.027960 11 13 11 L 
0.042824 11 14 11 L 
0.078332 11 0 11 L 
0.123630 11 1 11 L 
0.134086 11 2 11 L 
0.153405 11 3 11 L 
0.192158 11 4 11 L 
0.211610 11 5 11 L 
0.248951 11 6 11 L 
0.278250 11 7 11 L 
0.299775 11 8 11 L 
0.326418 11 9 11 L 
0.348182 11 10 11 L 
0.392389 11 11 11 L 
0.442275 11 12 11 L 
0.459413 11 13 11 L 
0.483938 11 14 11 L 
0.524351 11 0 11 L 
0.551321 11 1 11 L 
0.596314 11 2 11 L 
0.607962 11 3 11 L 
0.625290 11 4 11 L 
0.671538 11 5 11 L 
0.708263 11 6 11 L 
0.755414 11 7 11 L 
0.777763 11 8 11 L 
0.848848 11 9 11 L 
0.862862 11 10 11 L 
0.892328 11 11 11 L 
0.914780 11 12 11 L 
0.944718 11 13 11 L 
0.000000 4 4 4 E 
0.000288 4 4 3 E 
0.015561 4 4 2 E 
0.042884 4 4 1 E 
0.071703 4 4 0 E 
0.105658 4 4 14 E 
0.145904 4 4 13 E 
0.182291 4 4 12 E 
0.204998 4 4 11 E 
0.248951 4 4 10 E 
0.266357 4 4 9 E 
0.337414 4 4 8 E 
0.367565 4 4 7 E 
0.401973 4 4 6 E 
0.438937 4 4 5 E 
0.488385 4 4 4 E 
0.500789 4 4 3 E 
0.524347 4 4 2 E 
0.560882 4 4 1 E 
0.577022 4 4 0 E 
0.625169 4 4 14 E 
0.673762 4 4 13 E 
0.698827 4 4 12 E 
0.739607 4 4 11 E 
0.778828 4 4 10 E 
0.816490 4 4 9 E 
0.832582 4 4 8 E 
0.847719 4 4 7 E 
0.865235 4 4 6 E 
0.888939 4 4 5 E 
0.911564 4 4 4 E 
0.954203 4 4 3 E 
0.965103 4 4 2 E 
0.988508 4 4 1 E 
1.011839 4 4 0 E 
1.036556 4 4 14 E 
1.072452 4 4 13 E 
1.102182 4 4 12 E 
1.126005 4 4 11 E 
1.167317 4 4 10 E 
0.000000 10 10 10 K 
0.000253 10 10 11 K 
0.045306 10 10 12 K 
0.067554 10 10 13 K 
0.097103 10 10 14 K 
0.110977 10 10 0 K 
0.150269 10 10 1 K 
0.192079 10 10 2 K 
0.208350 10 10 3 K 
0.250018 10 10 4 K 
0.298705 10 10 5 K 
0.338483 10 10 6 K 
0.360976 10 10 7 K 
0.417590 10 10 8 K 
0.454199 10 10 9 K 
0.482882 10 10 10 K 
0.510416 10 10 11 K 
0.533764 10 10 12 K 
0.569403 10 10 13 K 
0.599452 10 10 14 K 
0.616366 10 10 0 K 
0.646378 10 10 1 K 
0.695515 10 10 2 K 
0.731062 10 10 3 K 
0.773637 10 10 4 K 
0.791546 10 10 5 K 
0.837995 10 10 6 K 
0.867516 10 10 7 K 
0.923561 10 10 8 K 
0.969346 10 10 9 K 
0.989697 10 10 10 K 
1.030036 10 10 11 K 
1.049306 10 10 12 K 
1.067014 10 10 13 K 
1.082084 10 10 14 K 
1.098979 10 10 0 K 
1.121801 10 10 1 K 
1.133475 10 10 2 K 
1.184177 10 10 3 K 
1.201044 10 10 4 K 
1.237343 10 10 5 K 
1.260518 10 10 6 K 
1.281420 10 10 7 K 
1.301043 10 10 8 K 
1.319961 10 10 9 K 
1.350544 10 10 10 K 
1.384647 10 10 11 K 
1.421834 10 10 12 K 
1.436300 10 10 13 K 
0.000000 2 2 2 C 
0.000236 2 2 3 C 
0.025849 2 2 4 C 
0.058838 2 2 5 C 
0.084971 2 2 6 C 
0.123446 2 2 7 C 
0.154477 2 2 8 C 
0.169505 2 2 9 C 
0.210414 2 2 10 C 
0.224581 2 2 11 C 
0.236234 2 2 12 C 
0.287013 2 2 13 C 
0.334999 2 2 14 C 
0.369862 2 2 0 C 
0.393538 2 2 1 C 
0.444412 2 2 2 C 
0.474252 2 2 3 C 
0.515932 2 2 4 C 
0.552407 2 2 5 C 
0.580300 2 2 6 C 
0.609031 2 2 7 C 
0.667196 2 2 8 C 
0.714675 2 2 9 C 
0.742765 2 2 10 C 
0.762885 2 2 11 C 
0.782021 2 2 12 C 
0.819802 2 2 13 C 
0.864040 2 2 14 C 
0.906197 2 2 0 C 
0.955278 2 2 1 C 
0.985205 2 2 2 C 
1.001214 2 2 3 C 
1.033270 2 2 4 C 
1.079843 2 2 5 C 
1.118483 2 2 6 C 
1.168473 2 2 7 C 
1.216970 2 2 8 C 
1.252170 2 2 9 C 
1.299982 2 2 10 C 
1.349473 2 2 11 C 
1.394261 2 2 12 C 
1.411400 2 2 13 C 
1.443569 2 2 14 C 
1.481953 2 2 0 C 
1.510661 2 2 1 C 
1.529477 2 2 2 C 
1.568106 2 2 3 C 
0.000000 13 13 13 N 
0.000337 13 12 13 N 
0.040558 13 11 13 N 
0.067435 13 10 13 N 
0.110978 13 9 13 N 
0.124704 13 8 13 N 
0.149196 13 7 13 N 
0.192159 13 6 13 N 
0.226889 13 5 13 N 
0.251169 13 4 13 N 
0.294147 13 3 13 N 
0.312664 13 2 13 N 
0.369863 13 1 13 N 
0.384760 13 0 13 N 
0.410756 13 14 13 N 
0.437754 13 13 13 N 
0.464890 13 12 13 N 
0.513618 13 11 13 N 
0.540287 13 10 13 N 
0.583501 13 9 13 N 
0.599450 13 8 13 N 
0.634567 13 7 13 N 
0.666125 13 6 13 N 
0.692167 13 5 13 N 
0.741706 13 4 13 N 
0.757551 13 3 13 N 
0.804048 13 2 13 N 
0.831515 13 1 13 N 
0.864039 13 0 13 N 
0.875963 13 14 13 N 
0.899926 13 13 13 N 
0.945975 13 12 13 N 
0.970449 13 11 13 N 
0.982039 13 10 13 N 
1.031129 13 9 13 N 
1.045165 13 8 13 N 
1.077710 13 7 13 N 
1.089482 13 6 13 N 
1.109806 13 5 13 N 
1.150319 13 4 13 N 
1.197928 13 3 13 N 
1.210556 13 2 13 N 
1.247616 13 1 13 N 
1.262672 13 0 13 N 
1.306344 13 14 13 N 
1.330379 13 13 13 N 
1.350547 13 12 13 N 
1.395437 13 11 13 N 
1.442499 13 10 13 N 
1.468124 13 9 13 N 
1.479643 13 8 13 N 
1.493681 13 7 13 N 
1.506151 13 6 13 N 
1.532712 13 5 13 N 
1.544083 13 4 13 N 
1.572391 13 3 13 N 
1.605943 13 2 13 N 
1.648170 13 1 13 N 
1.661752 13 0 13 N 
1.677164 13 14 13 N 
1.720891 13 13 13 N 
1.746885 13 12 13 N 
1.791076 13 11 13 N 
1.817306 13 11 13 n 
0.000000 3 3 3 D 
0.000287 3 4 3 D 
0.042885 3 5 3 D 
0.058895 3 6 3 D 
0.099321 3 7 3 D 
0.137519 3 8 3 D 
0.183508 3 9 3 D 
0.212927 3 10 3 D 
0.298707 3 11 3 D 
0.336196 3 12 3 D 
0.368962 3 13 3 D 
0.396707 3 14 3 D 
0.437755 3 0 3 D 
0.485126 3 1 3 D 
0.530536 3 2 3 D 
0.565082 3 3 3 D 
0.604759 3 4 3 D 
0.644307 3 5 3 D 
0.660923 3 6 3 D 
0.677278 3 7 3 D 
0.705130 3 8 3 D 
0.736471 3 9 3 D 
0.768306 3 10 3 D 
0.791549 3 11 3 D 
0.805251 3 12 3 D 
0.837993 3 13 3 D 
0.865369 3 14 3 D 
0.885540 3 0 3 D 
0.935158 3 1 3 D 
0.958586 3 2 3 D 
1.000148 3 3 3 D 
1.025703 3 4 3 D 
1.052507 3 5 3 D 
1.071282 3 6 3 D 
1.105490 3 7 3 D 
1.133491 3 8 3 D 
1.158868 3 9 3 D 
1.208440 3 10 3 D 
1.237346 3 11 3 D 
1.259443 3 12 3 D 
1.278205 3 13 3 D 
1.299974 3 14 3 D 
1.321030 3 0 3 D 
1.363655 3 1 3 D 
1.382578 3 2 3 D 
1.410326 3 3 3 D 
1.435228 3 4 3 D 
1.480807 3 5 3 D 
1.526010 3 6 3 D 
1.560816 3 7 3 D 
1.593152 3 8 3 D 
1.605215 3 9 3 D 
1.631139 3 10 3 D 
1.670932 3 11 3 D 
1.700065 3 12 3 D 
1.748995 3 13 3 D 
1.779490 3 14 3 D 
1.799700 3 0 3 D 
1.828881 3 1 3 D 
1.855501 3 1 3 d 
0.000000 7 7 7 H 
0.000267 7 6 7 H 
0.031081 7 5 7 H 
0.054705 7 4 7 H 
0.079535 7 3 7 H 
0.095950 7 2 7 H 
0.127892 7 1 7 H 
0.154474 7 0 7 H 
0.211774 7 14 7 H 
0.257667 7 13 7 H 
0.296389 7 12 7 H 
0.330757 7 11 7 H 
0.348103 7 10 7 H 
0.368805 7 9 7 H 
0.417588 7 8 7 H 
0.428252 7 7 7 H 
0.464761 7 6 7 H 
0.490797 7 5 7 H 
0.509347 7 4 7 H 
0.524205 7 3 7 H 
0.572610 7 2 7 H 
0.621880 7 1 7 H 
0.667194 7 0 7 H 
0.709415 7 14 7 H 
0.733196 7 13 7 H 
0.768304 7 12 7 H 
0.816293 7 11 7 H 
0.847631 7 10 7 H 
0.887872 7 9 7 H 
0.923558 7 8 7 H 
0.960439 7 7 7 H 
1.000237 7 6 7 H 
1.049405 7 5 7 H 
1.094836 7 4 7 H 
1.139709 7 3 7 H 
1.152472 7 2 7 H 
1.175819 7 1 7 H 
1.188468 7 0 7 H 
1.234147 7 14 7 H 
1.280347 7 13 7 H 
1.313685 7 12 7 H 
1.342265 7 11 7 H 
1.360381 7 10 7 H 
1.386779 7 9 7 H 
1.407058 7 8 7 H 
1.448891 7 7 7 H 
1.482065 7 6 7 H 
1.526113 7 5 7 H 
1.554521 7 4 7 H 
1.586909 7 3 7 H 
1.622567 7 2 7 H 
1.640499 7 1 7 H 
1.679311 7 0 7 H 
1.694812 7 14 7 H 
1.713632 7 13 7 H 
1.756230 7 12 7 H 
1.783701 7 11 7 H 
1.823513 7 10 7 H 
1.852310 7 9 7 H 
1.889711 7 8 7 H 
1.923156 7 7 7 H 
1.960946 7 6 7 H 
2.043867 7 5 7 H 
2.067360 7 4 7 H 
2.108082 7 3 7 H 
2.125831 7 2 7 H 
2.141546 7 1 7 H 
2.153691 7 0 7 H 
2.175510 7 14 7 H 
2.200772 7 13 7 H 
2.248658 7 12 7 H 
0.000000 5 5 5 F 
0.000289 5 6 5 F 
0.045314 5 7 5 F 
0.093828 5 8 5 F 
0.127893 5 9 5 F 
0.175893 5 10 5 F 
0.208351 5 11 5 F 
0.227012 5 12 5 F 
0.269850 5 13 5 F 
0.308197 5 14 5 F 
0.358527 5 0 5 F 
0.374073 5 1 5 F 
0.392458 5 2 5 F 
0.415323 5 3 5 F 
0.460568 5 4 5 F 
0.500789 5 5 5 F 
0.538011 5 6 5 F 
0.569470 5 7 5 F 
0.617549 5 8 5 F 
0.643162 5 9 5 F 
0.671536 5 10 5 F 
0.703908 5 11 5 F 
0.735329 5 12 5 F 
0.780950 5 13 5 F 
0.817580 5 14 5 F 
0.864036 5 0 5 F 
0.899837 5 1 5 F 
0.945930 5 2 5 F 
0.982001 5 3 5 F 
1.030040 5 4 5 F 
1.052599 5 5 5 F 
1.095905 5 6 5 F 
1.112039 5 7 5 F 
1.143960 5 8 5 F 
1.167314 5 9 5 F 
1.206271 5 10 5 F 
1.250018 5 11 5 F 
1.260516 5 12 5 F 
1.286683 5 13 5 F 
1.334656 5 14 5 F 
1.360383 5 0 5 F 
1.402934 5 1 5 F 
1.434039 5 2 5 F 
1.454269 5 3 5 F 
1.493679 5 4 5 F 
1.510660 5 5 5 F 
1.546287 5 6 5 F 
1.596331 5 7 5 F 
1.626850 5 8 5 F 
1.655536 5 9 5 F 
1.684601 5 10 5 F 
1.707373 5 11 5 F 
1.734389 5 12 5 F 
1.764654 5 13 5 F 
1.795329 5 14 5 F 
1.832058 5 0 5 F 
1.857618 5 1 5 F 
1.900188 5 2 5 F 
1.942082 5 3 5 F 
1.956706 5 4 5 F 
1.990953 5 5 5 F 
2.023227 5 6 5 F 
2.049102 5 7 5 F 
2.078933 5 8 5 F 
2.103948 5 9 5 F 
2.141453 5 10 5 F 
2.159009 5 11 5 F 
2.185869 5 12 5 F 
2.230773 5 13 5 F 
2.253002 5 14 5 F 
2.280252 5 0 5 F 
0.000000 14 14 14 O 
0.000292 14 14 0 O 
0.018693 14 14 1 O 
0.067432 14 14 2 O 
0.109782 14 14 3 O 
0.156686 14 14 4 O 
0.201798 14 14 5 O 
0.226890 14 14 6 O 
0.249097 14 14 7 O 
0.296391 14 14 8 O 
0.311560 14 14 9 O 
0.351388 14 14 10 O 
0.393536 14 14 11 O 
0.417678 14 14 12 O 
0.429321 14 14 13 O 
0.464894 14 14 14 O 
0.489585 14 14 0 O 
0.507214 14 14 1 O 
0.530607 14 14 2 O 
0.566270 14 14 3 O 
0.604868 14 14 4 O 
0.627301 14 14 5 O 
0.676200 14 14 6 O 
0.696703 14 14 7 O 
0.721456 14 14 8 O 
0.733194 14 14 9 O 
0.764002 14 14 10 O 
0.810586 14 14 11 O 
0.855391 14 14 12 O 
0.870828 14 14 13 O 
0.945978 14 14 14 O 
0.977867 14 14 0 O 
1.022531 14 14 1 O 
1.044096 14 14 2 O 
1.072455 14 14 3 O 
1.094943 14 14 4 O 
1.120619 14 14 5 O 
1.158871 14 14 6 O 
1.201169 14 14 7 O 
1.230915 14 14 8 O 
1.279276 14 14 9 O 
1.303208 14 14 10 O 
1.332520 14 14 11 O 
1.368834 14 14 12 O 
1.393053 14 14 13 O 
1.436298 14 14 14 O 
1.446769 14 14 0 O 
1.473413 14 14 1 O 
1.486342 14 14 2 O 
1.500953 14 14 3 O 
1.533784 14 14 4 O 
1.545229 14 14 5 O 
1.565015 14 14 6 O 
1.602451 14 14 7 O 
1.620448 14 14 8 O 
1.671040 14 14 9 O 
1.690694 14 14 10 O 
1.739596 14 14 11 O 
1.774138 14 14 12 O 
1.810065 14 14 13 O 
1.834178 14 14 14 O 
1.847808 14 14 0 O 
1.888621 14 14 1 O 
1.928321 14 14 2 O 
1.955452 14 14 3 O 
1.989838 14 14 4 O 
2.016960 14 14 5 O 
2.035507 14 14 6 O 
2.052221 14 14 7 O 
2.098594 14 14 8 O 
2.113327 14 14 9 O 
2.131105 14 14 10 O 
2.154891 14 14 11 O 
2.191065 14 14 12 O 
2.217425 14 14 13 O 
2.254176 14 14 14 O 
2.269948 14 14 0 O 
2.285456 14 14 1 O 
2.303998 14 14 2 O 
2.323952 14 14 3 O 
2.355095 14 14 4 O 
2.381494 14 14 5 O 
2.423830 14 14 6 O 
0.000000 0 0 0 A 
0.000248 0 0 1 A 
0.045198 0 0 2 A 
0.059957 0 0 3 A 
0.093948 0 0 4 A 
0.123444 0 0 5 A 
0.136377 0 0 6 A 
0.159969 0 0 7 A 
0.171639 0 0 8 A 
0.211771 0 0 9 A 
0.234104 0 0 10 A 
0.248952 0 0 11 A 
0.297594 0 0 12 A 
0.332889 0 0 13 A 
0.365431 0 0 14 A 
0.409567 0 0 0 A 
0.453043 0 0 1 A 
0.495171 0 0 2 A 
0.515826 0 0 3 A 
0.541488 0 0 4 A 
0.591939 0 0 5 A 
0.606892 0 0 6 A 
0.621879 0 0 7 A 
0.635644 0 0 8 A 
0.666243 0 0 9 A 
0.709486 0 0 10 A 
0.727761 0 0 11 A 
0.743888 0 0 12 A 
0.767211 0 0 13 A 
0.814022 0 0 14 A 
0.846474 0 0 0 A 
0.862857 0 0 1 A 
0.886704 0 0 2 A 
0.921269 0 0 3 A 
0.964030 0 0 4 A 
1.002284 0 0 5 A 
1.020333 0 0 6 A 
1.063705 0 0 7 A 
1.108623 0 0 8 A 
1.158872 0 0 9 A 
1.187409 0 0 10 A 
1.219159 0 0 11 A 
1.265808 0 0 12 A 
1.303207 0 0 13 A 
1.330381 0 0 14 A 
1.355019 0 0 0 A 
1.401785 0 0 1 A 
1.450962 0 0 2 A 
1.480808 0 0 3 A 
1.507358 0 0 4 A 
1.527142 0 0 5 A 
1.564936 0 0 6 A 
1.602557 0 0 7 A 
1.651251 0 0 8 A 
1.662810 0 0 9 A 
1.708447 0 0 10 A 
1.746874 0 0 11 A 
1.777258 0 0 12 A 
1.806944 0 0 13 A 
1.837296 0 0 14 A 
1.866818 0 0 0 A 
1.890822 0 0 1 A 
1.935621 0 0 2 A 
1.985711 0 0 3 A 
2.027358 0 0 4 A 
2.071517 0 0 5 A 
2.103826 0 0 6 A 
2.124675 0 0 7 A 
2.136248 0 0 8 A 
2.166245 0 0 9 A 
2.183751 0 0 10 A 
2.197557 0 0 11 A 
2.247594 0 0 12 A 
2.267807 0 0 13 A 
2.310204 0 0 14 A 
2.328099 0 0 0 A 
2.363407 0 0 1 A 
2.381593 0 0 2 A 
2.402963 0 0 3 A 
2.436123 0 0 4 A 
2.456852 0 0 4 a 
