-1 26 15 15
0.000000 0 2 1 A 
0.049451 0 2 1 a 
0.000000 6 2 7 G 
0.049477 6 2 7 g 
0.000000 2 10 2 C 
0.089768 2 10 2 c 
0.000000 10 12 5 K 
0.109923 10 12 5 k 
0.000000 19 3 8 T 
0.120020 19 3 8 t 
0.000000 3 14 1 D 
0.190553 3 14 1 d 
0.000000 25 3 4 Z 
0.210722 25 3 4 z 
0.000000 17 14 5 R 
0.130030 17 14 6 R 
0.210717 17 14 6 r 
0.000000 24 14 10 Y 
0.140129 24 13 10 Y 
0.210719 24 13 10 y 
0.000000 23 1 13 X 
0.170366 23 1 13 x 
0.000000 18 7 0 S 
0.271151 18 7 0 s 
0.000000 4 1 14 E 
0.251005 4 0 14 E 
0.353093 4 0 14 e 
0.000000 15 10 9 P 
0.250992 15 9 9 P 
0.453881 15 9 9 p 
0.000000 7 0 6 H 
0.190544 7 0 5 H 
0.453892 7 0 5 h 
0.000000 8 5 0 I 
0.544627 8 5 0 i 
0.000000 21 11 7 V 
0.150193 21 11 8 V 
0.413582 21 11 9 V 
0.574873 21 11 9 v 
0.534560 26 12 13 6 
0.776465 26 12 13 . 
0.000000 5 10 3 F 
0.331646 5 11 3 F 
0.433723 5 11 4 F 
0.514394 5 11 5 F 
0.716046 5 11 5 f 
0.000000 9 8 10 J 
0.756330 9 8 10 j 
0.000000 13 4 7 N 
0.423663 13 3 7 N 
0.555208 13 4 7 N 
0.645447 13 5 7 N 
0.776489 13 5 7 n 
0.000000 12 6 2 M 
0.887329 12 6 2 m 
0.000000 1 3 14 B 
0.927665 1 3 14 b 
0.000000 22 7 5 W 
0.978059 22 6 5 W 
1.078804 22 6 5 w 
0.000000 14 5 2 O 
0.917597 14 5 3 O 
1.119105 14 4 3 O 
1.179734 14 4 3 o 
0.000000 11 7 1 L 
0.957893 11 6 1 L 
1.189845 11 6 1 l 
1.078809 27 9 4 6 
1.283182 27 9 4 . 
1.585777 28 12 9 0 
1.827593 28 12 9 . 
2.130868 29 2 9 6 
2.396084 29 2 9 . 
2.638123 30 11 9 3 
2.880038 30 11 9 . 
3.189020 31 5 9 1 
3.431029 31 5 9 . 
3.694491 32 11 13 6 
3.937385 32 11 13 . 
4.240233 33 8 10 4 
4.489428 33 8 10 . 
4.792016 34 1 5 1 
4.994185 34 1 5 . 
5.299041 35 0 4 5 
5.539325 35 0 4 . 
5.841708 36 10 5 3 
6.103808 36 10 5 . 
6.351607 37 9 2 8 
6.593457 37 9 2 . 
6.895940 38 5 8 2 
7.145285 38 5 8 . 
7.407501 39 9 14 2 
7.649486 39 9 14 . 
7.951979 40 1 5 8 
8.193795 40 1 5 . 
8.496459 41 2 8 1 
8.698020 41 2 8 . 
9.003238 42 0 0 0 
9.245100 42 0 0 . 
9.549642 43 11 8 5 
9.811652 43 11 8 . 
10.053584 44 5 7 5 
10.298024 44 5 7 . 
10.604294 45 13 8 9 
10.843432 45 13 8 . 
11.106710 46 11 0 5 
11.348725 46 11 0 . 
11.651199 47 7 5 3 
11.896494 47 7 5 . 
