-1  15  7  7
 0.000000000  8  2  5  I
 0.002049576  8  2  5  i
 0.092849282  8  2  5  i
 0.118116471  8  2  5  i
 0.131169168  8  2  5  i
 0.141698948  8  2  5  i
 0.185570992  8  2  5  i
 0.197187235  8  2  5  i
 0.231872090  8  2  5  i
 0.252731462  8  2  5  i
 0.291890774  8  2  5  i
 0.308439177  8  2  5  i
 0.328971702  8  2  5  i
 0.370931233  8  2  5  i
 0.386253486  8  2  5  i
 0.402836321  8  2  5  i
 0.418266788  8  2  5  i
 0.465585363  8  2  5  i
 0.500914518  8  2  5  i
 0.522338327  8  2  5  i
 0.570681095  8  2  5  i
 0.609465100  8  2  5  i
 0.636312595  8  2  5  i
 0.663330899  8  2  5  i
 0.678792424  8  2  5  i
 0.000000000  12  6  1  M
 0.002368556  12  0  1  M
 0.038169841  12  0  0  M
 0.059996139  12  0  1  M
 0.088154349  12  0  2  M
 0.110223807  12  0  3  M
 0.145007381  12  0  2  M
 0.176637609  12  0  2  m
 0.248224772  12  0  2  m
 0.262682355  12  0  2  m
 0.278529466  12  0  2  m
 0.290209566  12  0  2  m
 0.320021906  12  0  2  m
 0.351694499  12  0  2  m
 0.388304357  12  0  2  m
 0.412838748  12  0  2  m
 0.435368076  12  0  2  m
 0.450269373  12  0  2  m
 0.487602152  12  0  2  m
 0.526118406  12  0  2  m
 0.546516761  12  0  2  m
 0.579347064  12  0  2  m
 0.606149930  12  0  2  m
 0.644160696  12  0  2  m
 0.680669821  12  0  2  m
 0.698957765  12  0  2  m
 0.723445210  12  0  2  m
 0.772225116  12  0  2  m
 0.783391644  12  0  2  m
 0.815955635  12  0  2  m
 0.856505174  12  0  2  m
 0.000000000  0  2  6  A
 0.001574712  0  1  6  A
 0.028384357  0  0  6  A
 0.064649639  0  1  6  A
 0.088233758  0  1  0  A
 0.121937429  0  1  6  A
 0.165732612  0  1  0  A
 0.213687113  0  0  0  A
 0.247368234  0  6  0  A
 0.290095642  0  6  0  a
 0.354456026  0  6  0  a
 0.402335796  0  6  0  a
 0.449885532  0  6  0  a
 0.493868469  0  6  0  a
 0.509710598  0  6  0  a
 0.528058624  0  6  0  a
 0.572592249  0  6  0  a
 0.600913170  0  6  0  a
 0.618004834  0  6  0  a
 0.657097076  0  6  0  a
 0.706553062  0  6  0  a
 0.744210004  0  6  0  a
 0.776958587  0  6  0  a
 0.798316970  0  6  0  a
 0.832999157  0  6  0  a
 0.871895380  0  6  0  a
 0.886947738  0  6  0  a
 0.906699216  0  6  0  a
 0.930998343  0  6  0  a
 0.943667465  0  6  0  a
 0.985488844  0  6  0  a
 1.009190464  0  6  0  a
 1.021827551  0  6  0  a
 1.049608803  0  6  0  a
 0.000000000  9  6  2  J
 0.002075350  9  6  3  J
 0.033566321  9  6  3  j
 0.120978975  9  6  3  j
 0.138863431  9  6  3  j
 0.174166020  9  6  3  j
 0.191935819  9  6  3  j
 0.224558046  9  6  3  j
 0.260117724  9  6  3  j
 0.306181100  9  6  3  j
 0.333723494  9  6  3  j
 0.381713417  9  6  3  j
 0.398316726  9  6  3  j
 0.413290011  9  6  3  j
 0.427596769  9  6  3  j
 0.472932198  9  6  3  j
 0.522380358  9  6  3  j
 0.535478854  9  6  3  j
 0.564292601  9  6  3  j
 0.576714911  9  6  3  j
 0.596257811  9  6  3  j
 0.619947427  9  6  3  j
 0.638767080  9  6  3  j
 0.669506293  9  6  3  j
 0.679605154  9  6  3  j
 0.698773378  9  6  3  j
 0.730025835  9  6  3  j
 0.768941997  9  6  3  j
 0.792284867  9  6  3  j
 0.813144096  9  6  3  j
 0.838959208  9  6  3  j
 0.849633263  9  6  3  j
 0.897328711  9  6  3  j
 0.932500444  9  6  3  j
 0.974330505  9  6  3  j
 1.012110696  9  6  3  j
 1.055754530  9  6  3  j
 1.092942756  9  6  3  j
 1.109466966  9  6  3  j
 0.000000000  10  3  5  K
 0.002173418  10  3  4  K
 0.019927730  10  3  3  K
 0.032305726  10  3  2  K
 0.045385969  10  2  2  K
 0.064131234  10  2  1  K
 0.103174546  10  2  2  K
 0.141842750  10  1  2  K
 0.185764025  10  1  2  k
 0.283079294  10  1  2  k
 0.297565143  10  1  2  k
 0.312698991  10  1  2  k
 0.341126166  10  1  2  k
 0.361271041  10  1  2  k
 0.383432698  10  1  2  k
 0.412234525  10  1  2  k
 0.454756945  10  1  2  k
 0.491138805  10  1  2  k
 0.509549922  10  1  2  k
 0.534849986  10  1  2  k
 0.555413058  10  1  2  k
 0.573358000  10  1  2  k
 0.592826122  10  1  2  k
 0.635690352  10  1  2  k
 0.659698099  10  1  2  k
 0.700630542  10  1  2  k
 0.718222031  10  1  2  k
 0.766367686  10  1  2  k
 0.793548149  10  1  2  k
 0.840356056  10  1  2  k
 0.882287584  10  1  2  k
 0.900502264  10  1  2  k
 0.916829112  10  1  2  k
 0.950187335  10  1  2  k
 0.981140754  10  1  2  k
 1.027182002  10  1  2  k
 1.047966947  10  1  2  k
 1.067724527  10  1  2  k
 1.113712536  10  1  2  k
 1.141133983  10  1  2  k
 1.163316343  10  1  2  k
 1.186424161  10  1  2  k
 0.000000000  1  5  3  B
 0.001620023  1  5  4  B
 0.020534494  1  5  3  B
 0.034507753  1  5  2  B
 0.046711633  1  5  2  b
 0.110638233  1  5  2  b
 0.128995132  1  5  2  b
 0.159595231  1  5  2  b
 0.170329531  1  5  2  b
 0.217262058  1  5  2  b
 0.238959681  1  5  2  b
 0.271990202  1  5  2  b
 0.295294562  1  5  2  b
 0.308852396  1  5  2  b
 0.323267250  1  5  2  b
 0.361061613  1  5  2  b
 0.386691456  1  5  2  b
 0.403827598  1  5  2  b
 0.450437298  1  5  2  b
 0.476357366  1  5  2  b
 0.503147197  1  5  2  b
 0.529634145  1  5  2  b
 0.558237399  1  5  2  b
 0.598860265  1  5  2  b
 0.644389967  1  5  2  b
 0.668935111  1  5  2  b
 0.684311619  1  5  2  b
 0.716316920  1  5  2  b
 0.751082806  1  5  2  b
 0.799594074  1  5  2  b
 0.821823791  1  5  2  b
 0.860686249  1  5  2  b
 0.898275703  1  5  2  b
 0.917154342  1  5  2  b
 0.929169995  1  5  2  b
 0.957090401  1  5  2  b
 0.989339465  1  5  2  b
 1.029478959  1  5  2  b
 1.070335156  1  5  2  b
 1.118463797  1  5  2  b
 1.152134876  1  5  2  b
 1.175631943  1  5  2  b
 1.206560432  1  5  2  b
 1.240128487  1  5  2  b
 1.290149321  1  5  2  b
 1.315409376  1  5  2  b
 1.337233637  1  5  2  b
 0.000000000  6  2  4  G
 0.001896386  6  1  4  G
 0.048318890  6  2  4  G
 0.082341525  6  2  3  G
 0.106079292  6  3  3  G
 0.134924078  6  3  3  g
 0.195487810  6  3  3  g
 0.215393272  6  3  3  g
 0.240811152  6  3  3  g
 0.261312378  6  3  3  g
 0.283995150  6  3  3  g
 0.313288495  6  3  3  g
 0.352861035  6  3  3  g
 0.367174310  6  3  3  g
 0.408105202  6  3  3  g
 0.448488382  6  3  3  g
 0.496859270  6  3  3  g
 0.519363289  6  3  3  g
 0.558243233  6  3  3  g
 0.598610705  6  3  3  g
 0.619982778  6  3  3  g
 0.666115361  6  3  3  g
 0.683783554  6  3  3  g
 0.697393894  6  3  3  g
 0.740060890  6  3  3  g
 0.775643430  6  3  3  g
 0.818554885  6  3  3  g
 0.851144758  6  3  3  g
 0.898229849  6  3  3  g
 0.932680481  6  3  3  g
 0.966232105  6  3  3  g
 0.987480520  6  3  3  g
 1.019197686  6  3  3  g
 1.036469274  6  3  3  g
 1.056236509  6  3  3  g
 1.073669293  6  3  3  g
 1.084929771  6  3  3  g
 1.126605332  6  3  3  g
 1.169269768  6  3  3  g
 1.185741711  6  3  3  g
 1.205184787  6  3  3  g
 1.227876030  6  3  3  g
 1.258420977  6  3  3  g
 1.278989601  6  3  3  g
 1.306258146  6  3  3  g
 1.350213850  6  3  3  g
 1.380881029  6  3  3  g
 1.419319276  6  3  3  g
 1.460072426  6  3  3  g
 1.504203749  6  3  3  g
 1.542393340  6  3  3  g
 1.572077390  6  3  3  g
 0.000000000  3  5  2  D
 0.001792814  3  6  2  D
 0.036282835  3  6  2  d
 0.127339712  3  6  2  d
 0.144563892  3  6  2  d
 0.159847171  3  6  2  d
 0.191253316  3  6  2  d
 0.231160759  3  6  2  d
 0.260939757  3  6  2  d
 0.285289274  3  6  2  d
 0.310615677  3  6  2  d
 0.350696762  3  6  2  d
 0.378170073  3  6  2  d
 0.392345905  3  6  2  d
 0.420586727  3  6  2  d
 0.454828480  3  6  2  d
 0.467543680  3  6  2  d
 0.491312697  3  6  2  d
 0.519175808  3  6  2  d
 0.558031289  3  6  2  d
 0.599364627  3  6  2  d
 0.626341393  3  6  2  d
 0.638798780  3  6  2  d
 0.661574573  3  6  2  d
 0.711393955  3  6  2  d
 0.740660240  3  6  2  d
 0.773588993  3  6  2  d
 0.786498020  3  6  2  d
 0.822243399  3  6  2  d
 0.840563950  3  6  2  d
 0.868149944  3  6  2  d
 0.906985022  3  6  2  d
 0.920172408  3  6  2  d
 0.968639090  3  6  2  d
 0.996834359  3  6  2  d
 1.036305922  3  6  2  d
 1.052012898  3  6  2  d
 1.100926166  3  6  2  d
 1.111380328  3  6  2  d
 1.156229179  3  6  2  d
 1.169542975  3  6  2  d
 1.199973132  3  6  2  d
 1.243264467  3  6  2  d
 1.290621239  3  6  2  d
 1.301386635  3  6  2  d
 1.318111402  3  6  2  d
 1.343772528  3  6  2  d
 1.360125898  3  6  2  d
 1.403163517  3  6  2  d
 1.436804261  3  6  2  d
 1.468932782  3  6  2  d
 1.488371143  3  6  2  d
 1.537178109  3  6  2  d
 1.583599214  3  6  2  d
 0.000000000  11  4  6  L
 0.002287573  11  3  6  L
 0.018425246  11  2  6  L
 0.061452726  11  2  6  l
 0.129311699  11  2  6  l
 0.170808971  11  2  6  l
 0.191786317  11  2  6  l
 0.210121581  11  2  6  l
 0.222357302  11  2  6  l
 0.251355977  11  2  6  l
 0.270717305  11  2  6  l
 0.292752129  11  2  6  l
 0.318294145  11  2  6  l
 0.347024114  11  2  6  l
 0.364355324  11  2  6  l
 0.412430037  11  2  6  l
 0.436075152  11  2  6  l
 0.456097562  11  2  6  l
 0.480858733  11  2  6  l
 0.506498285  11  2  6  l
 0.540123037  11  2  6  l
 0.569415428  11  2  6  l
 0.603950058  11  2  6  l
 0.618710085  11  2  6  l
 0.666579075  11  2  6  l
 0.689872709  11  2  6  l
 0.705753417  11  2  6  l
 0.755258906  11  2  6  l
 0.794922254  11  2  6  l
 0.819581514  11  2  6  l
 0.867609958  11  2  6  l
 0.882768336  11  2  6  l
 0.922049990  11  2  6  l
 0.967449949  11  2  6  l
 0.984089522  11  2  6  l
 1.031833417  11  2  6  l
 1.081440432  11  2  6  l
 1.116250209  11  2  6  l
 1.153953840  11  2  6  l
 1.181446011  11  2  6  l
 1.211808773  11  2  6  l
 1.247358114  11  2  6  l
 1.271040934  11  2  6  l
 1.297218634  11  2  6  l
 1.341850671  11  2  6  l
 1.365287181  11  2  6  l
 1.386729806  11  2  6  l
 1.407879191  11  2  6  l
 1.452684059  11  2  6  l
 1.477912047  11  2  6  l
 1.518005464  11  2  6  l
 1.566031397  11  2  6  l
 1.590970712  11  2  6  l
 1.610240265  11  2  6  l
 0.000000000  14  5  0  O
 0.002713193  14  5  0  o
 0.089307810  14  5  0  o
 0.108993168  14  5  0  o
 0.120163849  14  5  0  o
 0.138639273  14  5  0  o
 0.149999408  14  5  0  o
 0.182533177  14  5  0  o
 0.218581313  14  5  0  o
 0.245525198  14  5  0  o
 0.262833390  14  5  0  o
 0.298723812  14  5  0  o
 0.309366712  14  5  0  o
 0.358702405  14  5  0  o
 0.376207649  14  5  0  o
 0.402692460  14  5  0  o
 0.432203421  14  5  0  o
 0.452451347  14  5  0  o
 0.478844529  14  5  0  o
 0.525345997  14  5  0  o
 0.547275983  14  5  0  o
 0.566377946  14  5  0  o
 0.587940854  14  5  0  o
 0.621635287  14  5  0  o
 0.641241171  14  5  0  o
 0.660695847  14  5  0  o
 0.706809730  14  5  0  o
 0.720124591  14  5  0  o
 0.749150108  14  5  0  o
 0.786300318  14  5  0  o
 0.797149518  14  5  0  o
 0.807573496  14  5  0  o
 0.844813343  14  5  0  o
 0.868557928  14  5  0  o
 0.888596469  14  5  0  o
 0.900088436  14  5  0  o
 0.924714839  14  5  0  o
 0.963346252  14  5  0  o
 0.983183991  14  5  0  o
 1.017745928  14  5  0  o
 1.038935493  14  5  0  o
 1.083642546  14  5  0  o
 1.118791711  14  5  0  o
 1.166708660  14  5  0  o
 1.178764649  14  5  0  o
 1.201490391  14  5  0  o
 1.216040162  14  5  0  o
 1.264404990  14  5  0  o
 1.299987602  14  5  0  o
 1.331375229  14  5  0  o
 1.362062646  14  5  0  o
 1.396983965  14  5  0  o
 1.407245915  14  5  0  o
 1.426338837  14  5  0  o
 1.458319048  14  5  0  o
 1.487859950  14  5  0  o
 1.515775069  14  5  0  o
 1.559308755  14  5  0  o
 1.603032928  14  5  0  o
 1.631638399  14  5  0  o
 1.679672481  14  5  0  o
 1.700942481  14  5  0  o
 0.000000000  2  5  6  C
 0.001647662  2  5  6  c
 0.082451509  2  5  6  c
 0.115727338  2  5  6  c
 0.148171931  2  5  6  c
 0.182318360  2  5  6  c
 0.212481188  2  5  6  c
 0.239305250  2  5  6  c
 0.269451317  2  5  6  c
 0.281583698  2  5  6  c
 0.314234087  2  5  6  c
 0.324805523  2  5  6  c
 0.366034026  2  5  6  c
 0.381873473  2  5  6  c
 0.410369161  2  5  6  c
 0.437266388  2  5  6  c
 0.474239049  2  5  6  c
 0.491512725  2  5  6  c
 0.527555995  2  5  6  c
 0.551998963  2  5  6  c
 0.577151185  2  5  6  c
 0.617524881  2  5  6  c
 0.657857855  2  5  6  c
 0.703077003  2  5  6  c
 0.725312411  2  5  6  c
 0.735775312  2  5  6  c
 0.783437292  2  5  6  c
 0.823454615  2  5  6  c
 0.847217342  2  5  6  c
 0.880562417  2  5  6  c
 0.912187891  2  5  6  c
 0.932521193  2  5  6  c
 0.956890794  2  5  6  c
 1.006239911  2  5  6  c
 1.022945061  2  5  6  c
 1.071807312  2  5  6  c
 1.092813611  2  5  6  c
 1.123899613  2  5  6  c
 1.147367047  2  5  6  c
 1.163091633  2  5  6  c
 1.182587798  2  5  6  c
 1.226746158  2  5  6  c
 1.243130140  2  5  6  c
 1.285705320  2  5  6  c
 1.304037482  2  5  6  c
 1.345579859  2  5  6  c
 1.361414569  2  5  6  c
 1.382567062  2  5  6  c
 1.428104625  2  5  6  c
 1.449416705  2  5  6  c
 1.488671403  2  5  6  c
 1.519410361  2  5  6  c
 1.547588153  2  5  6  c
 1.583598164  2  5  6  c
 1.618122049  2  5  6  c
 1.635782563  2  5  6  c
 1.660304734  2  5  6  c
 1.683112137  2  5  6  c
 1.702283894  2  5  6  c
 1.735524300  2  5  6  c
 0.000000000  5  5  1  F
 0.001872869  5  5  1  f
 0.080140328  5  5  1  f
 0.120416256  5  5  1  f
 0.157999333  5  5  1  f
 0.177069205  5  5  1  f
 0.209162807  5  5  1  f
 0.247673241  5  5  1  f
 0.290341871  5  5  1  f
 0.329330546  5  5  1  f
 0.349804720  5  5  1  f
 0.383906980  5  5  1  f
 0.420309309  5  5  1  f
 0.465328579  5  5  1  f
 0.503157437  5  5  1  f
 0.545306972  5  5  1  f
 0.590468167  5  5  1  f
 0.622301316  5  5  1  f
 0.641628723  5  5  1  f
 0.683196240  5  5  1  f
 0.697341755  5  5  1  f
 0.735410863  5  5  1  f
 0.752032352  5  5  1  f
 0.781000641  5  5  1  f
 0.804773456  5  5  1  f
 0.850730105  5  5  1  f
 0.894751993  5  5  1  f
 0.909230356  5  5  1  f
 0.947582446  5  5  1  f
 0.993307228  5  5  1  f
 1.009681773  5  5  1  f
 1.059500692  5  5  1  f
 1.094670971  5  5  1  f
 1.110250813  5  5  1  f
 1.130205847  5  5  1  f
 1.148793945  5  5  1  f
 1.197635177  5  5  1  f
 1.209286726  5  5  1  f
 1.244828800  5  5  1  f
 1.262702523  5  5  1  f
 1.302930697  5  5  1  f
 1.344837990  5  5  1  f
 1.381588803  5  5  1  f
 1.425426818  5  5  1  f
 1.472741990  5  5  1  f
 1.491497593  5  5  1  f
 1.539224462  5  5  1  f
 1.570788351  5  5  1  f
 1.583427783  5  5  1  f
 1.598193952  5  5  1  f
 1.631874281  5  5  1  f
 1.681667329  5  5  1  f
 1.729545117  5  5  1  f
 1.748060140  5  5  1  f
 1.781751733  5  5  1  f
 1.811214373  5  5  1  f
 1.829260907  5  5  1  f
 1.860050724  5  5  1  f
 1.892848097  5  5  1  f
 1.917481267  5  5  1  f
 1.947465168  5  5  1  f
 1.969195301  5  5  1  f
 2.017522621  5  5  1  f
 2.035790096  5  5  1  f
 2.051597164  5  5  1  f
 2.062508458  5  5  1  f
 0.000000000  4  6  4  E
 0.001835076  4  6  5  E
 0.018624319  4  6  4  E
 0.029639487  4  5  4  E
 0.047897063  4  6  4  E
 0.059688295  4  6  5  E
 0.104196035  4  0  5  E
 0.126174642  4  1  5  E
 0.175658505  4  1  4  E
 0.194933278  4  1  3  E
 0.213519066  4  1  4  E
 0.254015493  4  0  4  E
 0.280400421  4  0  5  E
 0.306699313  4  0  6  E
 0.323523645  4  1  6  E
 0.364465690  4  1  6  e
 0.459934729  4  1  6  e
 0.472713429  4  1  6  e
 0.507512971  4  1  6  e
 0.537513966  4  1  6  e
 0.551629579  4  1  6  e
 0.575458908  4  1  6  e
 0.609595558  4  1  6  e
 0.652845277  4  1  6  e
 0.701222579  4  1  6  e
 0.750770451  4  1  6  e
 0.766878645  4  1  6  e
 0.796530679  4  1  6  e
 0.844079395  4  1  6  e
 0.875563659  4  1  6  e
 0.896380365  4  1  6  e
 0.939208843  4  1  6  e
 0.956707234  4  1  6  e
 0.977156147  4  1  6  e
 1.019937741  4  1  6  e
 1.032943130  4  1  6  e
 1.056108767  4  1  6  e
 1.074099613  4  1  6  e
 1.087917524  4  1  6  e
 1.126485205  4  1  6  e
 1.169672543  4  1  6  e
 1.208962700  4  1  6  e
 1.221964306  4  1  6  e
 1.249052619  4  1  6  e
 1.294367848  4  1  6  e
 1.312784337  4  1  6  e
 1.333754059  4  1  6  e
 1.363216440  4  1  6  e
 1.397217309  4  1  6  e
 1.422725643  4  1  6  e
 1.432980991  4  1  6  e
 1.466257004  4  1  6  e
 1.486865102  4  1  6  e
 1.502281044  4  1  6  e
 1.526858788  4  1  6  e
 1.566441808  4  1  6  e
 1.578067990  4  1  6  e
 1.611826981  4  1  6  e
 1.645480754  4  1  6  e
 1.666117821  4  1  6  e
 1.696082777  4  1  6  e
 1.720383103  4  1  6  e
 1.738405737  4  1  6  e
 1.759777512  4  1  6  e
 1.804704461  4  1  6  e
 1.840656406  4  1  6  e
 1.873017511  4  1  6  e
 1.893753676  4  1  6  e
 1.917518759  4  1  6  e
 1.944185295  4  1  6  e
 1.972620610  4  1  6  e
 1.990934601  4  1  6  e
 2.010887229  4  1  6  e
 2.041039670  4  1  6  e
 2.064872033  4  1  6  e
 2.097449705  4  1  6  e
 2.108100368  4  1  6  e
 2.137236784  4  1  6  e
 0.000000000  13  4  0  N
 0.002574435  13  4  1  N
 0.051305901  13  3  1  N
 0.066961765  13  3  1  n
 0.158707065  13  3  1  n
 0.174056807  13  3  1  n
 0.193188799  13  3  1  n
 0.228144761  13  3  1  n
 0.251374419  13  3  1  n
 0.274636203  13  3  1  n
 0.301894445  13  3  1  n
 0.313021675  13  3  1  n
 0.351507777  13  3  1  n
 0.361850062  13  3  1  n
 0.373543061  13  3  1  n
 0.398109905  13  3  1  n
 0.422611345  13  3  1  n
 0.463108184  13  3  1  n
 0.509993358  13  3  1  n
 0.532272731  13  3  1  n
 0.580747794  13  3  1  n
 0.600023830  13  3  1  n
 0.629346716  13  3  1  n
 0.654842532  13  3  1  n
 0.675974934  13  3  1  n
 0.705779382  13  3  1  n
 0.740831286  13  3  1  n
 0.775539258  13  3  1  n
 0.819886250  13  3  1  n
 0.865914699  13  3  1  n
 0.883174161  13  3  1  n
 0.915070735  13  3  1  n
 0.938721793  13  3  1  n
 0.978625344  13  3  1  n
 0.995272432  13  3  1  n
 1.015174760  13  3  1  n
 1.037654666  13  3  1  n
 1.070364701  13  3  1  n
 1.084071194  13  3  1  n
 1.107924782  13  3  1  n
 1.120494729  13  3  1  n
 1.160026592  13  3  1  n
 1.177796165  13  3  1  n
 1.219650493  13  3  1  n
 1.263368303  13  3  1  n
 1.278736807  13  3  1  n
 1.303374449  13  3  1  n
 1.331430069  13  3  1  n
 1.369297108  13  3  1  n
 1.412477336  13  3  1  n
 1.439244546  13  3  1  n
 1.460252573  13  3  1  n
 1.496090202  13  3  1  n
 1.529467835  13  3  1  n
 1.553877168  13  3  1  n
 1.570140191  13  3  1  n
 1.598485084  13  3  1  n
 1.629556344  13  3  1  n
 1.641999468  13  3  1  n
 1.676374727  13  3  1  n
 1.710295837  13  3  1  n
 1.759758908  13  3  1  n
 1.777454802  13  3  1  n
 1.797023281  13  3  1  n
 1.811383363  13  3  1  n
 1.838596849  13  3  1  n
 1.877371175  13  3  1  n
 1.922906621  13  3  1  n
 1.971536499  13  3  1  n
 1.993392318  13  3  1  n
 2.029926772  13  3  1  n
 2.041494204  13  3  1  n
 2.085380451  13  3  1  n
 2.096801174  13  3  1  n
 2.119549313  13  3  1  n
 2.149385170  13  3  1  n
 2.166084065  13  3  1  n
 2.177677547  13  3  1  n
 2.205088089  13  3  1  n
 2.253585192  13  3  1  n
 2.265627466  13  3  1  n
 2.310925773  13  3  1  n
 2.337072666  13  3  1  n
 2.384203719  13  3  1  n
 2.432705898  13  3  1  n
 2.447271380  13  3  1  n
 2.480266659  13  3  1  n
 2.517265515  13  3  1  n
 2.537357293  13  3  1  n
 2.584669363  13  3  1  n
 2.630041344  13  3  1  n
 2.649961370  13  3  1  n
 0.000000000  7  4  5  H
 0.002021916  7  5  5  H
 0.051268414  7  4  5  H
 0.077201126  7  3  5  H
 0.097706703  7  3  4  H
 0.115877860  7  4  4  H
 0.164588364  7  4  5  H
 0.193755682  7  4  4  H
 0.222490604  7  5  4  H
 0.234677171  7  5  5  H
 0.262875567  7  5  4  H
 0.297085357  7  5  5  H
 0.334670616  7  5  4  H
 0.361205840  7  5  5  H
 0.374690918  7  5  5  h
 0.440642991  7  5  5  h
 0.455786539  7  5  5  h
 0.485291199  7  5  5  h
 0.520561919  7  5  5  h
 0.562254358  7  5  5  h
 0.607563210  7  5  5  h
 0.642767508  7  5  5  h
 0.678475906  7  5  5  h
 0.722177847  7  5  5  h
 0.752201062  7  5  5  h
 0.800370222  7  5  5  h
 0.837371145  7  5  5  h
 0.863653220  7  5  5  h
 0.906494794  7  5  5  h
 0.956556778  7  5  5  h
 0.970156369  7  5  5  h
 0.985892091  7  5  5  h
 1.010361589  7  5  5  h
 1.039153427  7  5  5  h
 1.055367684  7  5  5  h
 1.096227704  7  5  5  h
 1.136947615  7  5  5  h
 1.176757147  7  5  5  h
 1.205617574  7  5  5  h
 1.240256238  7  5  5  h
 1.282000434  7  5  5  h
 1.331186765  7  5  5  h
 1.342387120  7  5  5  h
 1.361413023  7  5  5  h
 1.403890633  7  5  5  h
 1.444856869  7  5  5  h
 1.472201968  7  5  5  h
 1.482849047  7  5  5  h
 1.529256948  7  5  5  h
 1.540142491  7  5  5  h
 1.587560651  7  5  5  h
 1.628870254  7  5  5  h
 1.664322424  7  5  5  h
 1.688224794  7  5  5  h
 1.715083782  7  5  5  h
 1.759558061  7  5  5  h
 1.784624752  7  5  5  h
 1.817265797  7  5  5  h
 1.865291288  7  5  5  h
 1.894053689  7  5  5  h
 1.918815048  7  5  5  h
 1.958570434  7  5  5  h
 1.971437079  7  5  5  h
 1.989274248  7  5  5  h
 2.002762576  7  5  5  h
 2.047212752  7  5  5  h
 2.096916693  7  5  5  h
 2.122855989  7  5  5  h
 2.161387283  7  5  5  h
 2.180639611  7  5  5  h
 2.209220748  7  5  5  h
 2.226201429  7  5  5  h
 2.265543310  7  5  5  h
 2.300509982  7  5  5  h
 2.327879405  7  5  5  h
 2.340553332  7  5  5  h
 2.355863417  7  5  5  h
 2.400977645  7  5  5  h
 2.426135849  7  5  5  h
 2.468301874  7  5  5  h
 2.491680167  7  5  5  h
 2.524728751  7  5  5  h
 2.537455240  7  5  5  h
 2.573677688  7  5  5  h
 2.620151486  7  5  5  h
 2.665035890  7  5  5  h
 2.688939731  7  5  5  h
 2.730714581  7  5  5  h
 2.756914856  7  5  5  h
 2.796512948  7  5  5  h
 2.831399088  7  5  5  h
 2.850494613  7  5  5  h
