-1  10  15  15
 0.000000000  2  9  13  C
 0.061622362  2  9  13  c
 0.000000000  7  9  12  H
 0.065260978  7  9  12  h
 0.000000000  1  2  2  B
 0.078015633  1  3  2  B
 0.090080340  1  3  3  B
 0.125062032  1  4  3  B
 0.165198067  1  4  2  B
 0.182004512  1  3  2  B
 0.212988122  1  4  2  B
 0.236315062  1  4  1  B
 0.280563330  1  5  1  B
 0.304182419  1  4  1  B
 0.320359814  1  4  2  B
 0.351995390  1  3  2  B
 0.393842783  1  3  3  B
 0.424429701  1  4  3  B
 0.452114439  1  4  4  B
 0.484371894  1  4  3  B
 0.510725679  1  5  3  B
 0.548894201  1  6  3  B
 0.000000000  0  3  11  A
 0.081989973  0  4  11  A
 0.109496119  0  4  10  A
 0.163195147  0  4  9  A
 0.190640114  0  5  9  A
 0.208734220  0  5  10  A
 0.249772096  0  6  10  A
 0.263293976  0  5  10  A
 0.274111453  0  4  10  A
 0.285089824  0  4  11  A
 0.320325457  0  4  10  A
 0.343068514  0  4  9  A
 0.354745097  0  5  9  A
 0.384728618  0  4  9  A
 0.422171877  0  3  9  A
 0.439233290  0  2  9  A
 0.471300732  0  3  9  A
 0.517574749  0  3  8  A
 0.538844842  0  3  7  A
 0.560228924  0  3  6  A
 0.607552839  0  3  7  A
 0.625999973  0  3  6  A
 0.638162069  0  3  5  A
 0.667738982  0  2  5  A
 0.000000000  9  6  5  J
 0.081867698  9  7  5  J
 0.132414290  9  6  5  J
 0.174723627  9  5  5  J
 0.212663573  9  5  4  J
 0.234824308  9  6  4  J
 0.278073573  9  7  4  J
 0.314041115  9  7  3  J
 0.327738007  9  7  4  J
 0.365464147  9  6  4  J
 0.409085479  9  6  5  J
 0.438246566  9  6  4  J
 0.449903173  9  5  4  J
 0.489172460  9  4  4  J
 0.508594008  9  5  4  J
 0.549147760  9  5  3  J
 0.585034794  9  4  3  J
 0.606638374  9  5  3  J
 0.644109396  9  5  3  j
 0.000000000  4  9  8  E
 0.061234841  4  8  8  E
 0.077511874  4  7  8  E
 0.092357488  4  7  7  E
 0.113244170  4  6  7  E
 0.136548145  4  5  7  E
 0.151474546  4  6  7  E
 0.178720068  4  7  7  E
 0.221414318  4  7  8  E
 0.236649152  4  7  7  E
 0.248857933  4  7  8  E
 0.278224346  4  6  8  E
 0.306005629  4  7  8  E
 0.342633235  4  7  9  E
 0.354366045  4  6  9  E
 0.391131849  4  6  8  E
 0.430816333  4  6  9  E
 0.445340378  4  5  9  E
 0.486980571  4  5  10  E
 0.503101500  4  6  10  E
 0.538984697  4  6  11  E
 0.569227879  4  6  12  E
 0.606093804  4  6  11  E
 0.622051649  4  6  12  E
 0.653975173  4  6  13  E
 0.688437930  4  6  12  E
 0.714656119  4  7  12  E
 0.762142895  4  7  11  E
 0.806491751  4  8  11  E
 0.827934829  4  8  10  E
 0.869036574  4  8  11  E
 0.883686396  4  8  12  E
 0.933612593  4  8  12  e
 0.000000000  6  13  8  G
 0.056558368  6  13  9  G
 0.104307836  6  13  8  G
 0.142096750  6  12  8  G
 0.186175335  6  13  8  G
 0.205370884  6  12  8  G
 0.241477140  6  12  7  G
 0.285510463  6  13  7  G
 0.326522294  6  13  8  G
 0.339866596  6  13  7  G
 0.356481136  6  13  6  G
 0.385050213  6  12  6  G
 0.429934207  6  11  6  G
 0.452203439  6  11  5  G
 0.477556607  6  12  5  G
 0.499377136  6  11  5  G
 0.548879869  6  11  4  G
 0.566183197  6  11  3  G
 0.609575417  6  10  3  G
 0.640860223  6  9  3  G
 0.689461755  6  8  3  G
 0.703742381  6  8  2  G
 0.726117820  6  7  2  G
 0.770186477  6  8  2  G
 0.798406952  6  8  3  G
 0.828319744  6  9  3  G
 0.845556070  6  9  2  G
 0.866279619  6  9  1  G
 0.915239405  6  10  1  G
 0.961858785  6  10  0  G
 0.990015207  6  9  0  G
 1.022060390  6  8  0  G
 1.046528223  6  7  0  G
 1.065939021  6  8  0  G
 0.000000000  3  10  8  D
 0.082176339  3  10  7  D
 0.098894920  3  11  7  D
 0.149075363  3  10  7  D
 0.172660565  3  11  7  D
 0.202184522  3  10  7  D
 0.251328827  3  11  7  D
 0.282600083  3  11  8  D
 0.309078918  3  12  8  D
 0.342731648  3  12  7  D
 0.364069380  3  12  8  D
 0.409025531  3  12  7  D
 0.444980485  3  11  7  D
 0.493807971  3  11  8  D
 0.535041358  3  10  8  D
 0.550862363  3  10  9  D
 0.590503971  3  10  10  D
 0.606012399  3  10  9  D
 0.650246483  3  11  9  D
 0.695064575  3  11  8  D
 0.707196903  3  12  8  D
 0.749311835  3  13  8  D
 0.788693587  3  13  7  D
 0.816883599  3  14  7  D
 0.834955059  3  14  8  D
 0.857765889  3  0  8  D
 0.908034018  3  0  7  D
 0.951036717  3  0  6  D
 0.997749503  3  14  6  D
 1.011514231  3  0  6  D
 1.023821130  3  1  6  D
 1.063213647  3  2  6  D
 1.101692301  3  2  6  d
 0.000000000  5  4  9  F
 0.075362530  5  4  8  F
 0.114174406  5  4  9  F
 0.162998142  5  4  8  F
 0.197222229  5  5  8  F
 0.242733644  5  6  8  F
 0.278097372  5  6  7  F
 0.302801627  5  5  7  F
 0.342680424  5  5  8  F
 0.371366629  5  5  7  F
 0.420768206  5  5  6  F
 0.453085127  5  5  7  F
 0.497528301  5  5  8  F
 0.510964624  5  6  8  F
 0.550516557  5  7  8  F
 0.577359233  5  7  7  F
 0.596632549  5  7  6  F
 0.632227553  5  8  6  F
 0.650246450  5  9  6  F
 0.676205104  5  9  5  F
 0.714323903  5  8  5  F
 0.752282489  5  8  6  F
 0.770499186  5  9  6  F
 0.809069192  5  10  6  F
 0.834861414  5  10  7  F
 0.882876214  5  10  6  F
 0.906730821  5  10  7  F
 0.917960880  5  10  6  F
 0.964064965  5  10  5  F
 0.987381419  5  9  5  F
 1.011239210  5  8  5  F
 1.056949688  5  8  4  F
 1.095551802  5  8  3  F
 1.137046550  5  9  3  F
 1.173559828  5  9  3  f
 0.000000000  8  7  3  I
 0.061281245  8  6  3  I
 0.109234805  8  5  3  I
 0.165476006  8  4  3  I
 0.213840710  8  3  3  I
 0.231663110  8  2  3  I
 0.269275840  8  3  3  I
 0.313898819  8  3  2  I
 0.336267759  8  2  2  I
 0.365821045  8  2  1  I
 0.381690721  8  2  0  I
 0.429310181  8  1  0  I
 0.477597413  8  1  14  I
 0.497089987  8  1  0  I
 0.546384218  8  0  0  I
 0.565517355  8  0  1  I
 0.592042956  8  14  1  I
 0.616640844  8  13  1  I
 0.643146581  8  13  0  I
 0.684154394  8  12  0  I
 0.699170568  8  12  1  I
 0.745041707  8  11  1  I
 0.772976277  8  10  1  I
 0.809767811  8  10  2  I
 0.849979800  8  11  2  I
 0.869750113  8  11  3  I
 0.919240669  8  12  3  I
 0.941912278  8  12  4  I
 0.968831750  8  12  5  I
 0.980752546  8  13  5  I
 0.993204274  8  13  4  I
 1.028736736  8  12  4  I
 1.063711166  8  12  3  I
 1.093036347  8  12  4  I
 1.108597134  8  11  4  I
 1.131324298  8  10  4  I
 1.160320452  8  10  3  I
 1.178364436  8  10  3  i
