-1 15 15 15
0.000000 5 5 5 F 
0.000272 5 4 5 F 
0.014579 5 3 5 F 
0.025112 5 2 5 F 
0.041153 5 1 5 F 
0.088398 5 0 5 F 
0.121831 5 14 5 F 
0.192246 5 13 5 F 
0.229435 5 12 5 F 
0.279499 5 11 5 F 
0.317668 5 10 5 F 
0.359784 5 9 5 F 
0.382354 5 8 5 F 
0.398349 5 7 5 F 
0.432927 5 6 5 F 
0.453950 5 5 5 F 
0.480365 5 4 5 F 
0.497369 5 3 5 F 
0.540909 5 2 5 F 
0.561992 5 1 5 F 
0.593045 5 0 5 F 
0.614355 5 14 5 F 
0.630490 5 13 5 F 
0.671315 5 12 5 F 
0.000000 13 13 13 N 
0.000275 13 12 13 N 
0.042214 13 11 13 N 
0.077501 13 10 13 N 
0.112286 13 9 13 N 
0.157207 13 8 13 N 
0.175271 13 7 13 N 
0.223118 13 6 13 N 
0.276224 13 5 13 N 
0.301497 13 4 13 N 
0.323206 13 3 13 N 
0.373606 13 2 13 N 
0.417785 13 1 13 N 
0.442374 13 0 13 N 
0.463548 13 14 13 N 
0.493274 13 13 13 N 
0.525866 13 12 13 N 
0.569685 13 11 13 N 
0.616747 13 10 13 N 
0.659415 13 9 13 N 
0.706642 13 8 13 N 
0.735651 13 7 13 N 
0.757219 13 6 13 N 
0.000000 10 10 10 K 
0.000269 10 10 9 K 
0.045370 10 10 8 K 
0.072248 10 10 7 K 
0.116656 10 10 6 K 
0.141851 10 10 5 K 
0.173139 10 10 4 K 
0.209966 10 10 3 K 
0.259014 10 10 2 K 
0.271987 10 10 1 K 
0.288967 10 10 0 K 
0.317667 10 10 14 K 
0.358609 10 10 13 K 
0.377846 10 10 12 K 
0.389726 10 10 11 K 
0.409231 10 10 10 K 
0.456176 10 10 9 K 
0.520602 10 10 8 K 
0.553572 10 10 7 K 
0.574029 10 10 6 K 
0.596299 10 10 5 K 
0.640125 10 10 4 K 
0.657096 10 10 3 K 
0.679038 10 10 2 K 
0.699027 10 10 1 K 
0.724886 10 10 0 K 
0.774418 10 10 14 K 
0.810710 10 10 13 K 
0.835180 10 10 12 K 
0.885514 10 10 11 K 
0.921922 10 10 10 K 
0.937271 10 10 9 K 
0.962147 10 10 8 K 
0.984556 10 10 7 K 
1.041439 10 10 6 K 
1.064211 10 10 5 K 
0.000000 12 12 12 M 
0.000257 12 12 13 M 
0.077505 12 12 14 M 
0.088397 12 12 0 M 
0.110170 12 12 1 M 
0.129179 12 12 2 M 
0.146492 12 12 3 M 
0.185926 12 12 4 M 
0.215610 12 12 5 M 
0.260075 12 12 6 M 
0.279498 12 12 7 M 
0.298378 12 12 8 M 
0.345542 12 12 9 M 
0.382255 12 12 10 M 
0.395159 12 12 11 M 
0.406890 12 12 12 M 
0.432793 12 12 13 M 
0.443437 12 12 14 M 
0.455009 12 12 0 M 
0.496311 12 12 1 M 
0.540791 12 12 2 M 
0.559762 12 12 3 M 
0.593170 12 12 4 M 
0.615580 12 12 5 M 
0.632603 12 12 6 M 
0.657089 12 12 7 M 
0.689156 12 12 8 M 
0.735662 12 12 9 M 
0.762726 12 12 10 M 
0.799008 12 12 11 M 
0.845955 12 12 12 M 
0.881171 12 12 13 M 
0.903508 12 12 14 M 
0.928337 12 12 0 M 
0.970701 12 12 1 M 
0.999556 12 12 2 M 
1.047783 12 12 3 M 
1.087818 12 12 4 M 
1.122034 12 12 4 m 
0.000000 0 0 0 A 
0.000215 0 0 14 A 
0.029230 0 0 13 A 
0.048582 0 0 12 A 
0.072096 0 0 11 A 
0.092787 0 0 10 A 
0.113344 0 0 9 A 
0.162616 0 0 8 A 
0.212197 0 0 7 A 
0.255611 0 0 6 A 
0.269855 0 0 5 A 
0.316495 0 0 4 A 
0.341392 0 0 3 A 
0.354371 0 0 2 A 
0.384369 0 0 1 A 
0.409232 0 0 0 A 
0.445556 0 0 14 A 
0.495252 0 0 13 A 
0.534439 0 0 12 A 
0.567479 0 0 11 A 
0.606014 0 0 10 A 
0.643443 0 0 9 A 
0.665706 0 0 8 A 
0.681423 0 0 7 A 
0.693685 0 0 6 A 
0.721724 0 0 5 A 
0.756145 0 0 4 A 
0.776650 0 0 3 A 
0.825642 0 0 2 A 
0.873578 0 0 1 A 
0.914298 0 0 0 A 
0.957640 0 0 14 A 
0.987690 0 0 13 A 
1.000784 0 0 12 A 
1.022229 0 0 11 A 
1.050039 0 0 10 A 
1.082084 0 0 9 A 
1.093049 0 0 8 A 
1.132620 0 0 7 A 
1.178608 0 0 6 A 
1.228038 0 0 5 A 
0.000000 6 6 6 G 
0.000292 6 6 5 G 
0.038933 6 6 4 G 
0.061191 6 6 3 G 
0.077504 6 6 2 G 
0.100438 6 6 1 G 
0.148627 6 6 0 G 
0.173140 6 6 14 G 
0.191045 6 6 13 G 
0.235853 6 6 12 G 
0.276223 6 6 11 G 
0.303613 6 6 10 G 
0.345651 6 6 9 G 
0.370435 6 6 8 G 
0.413609 6 6 7 G 
0.435970 6 6 6 G 
0.455010 6 6 5 G 
0.487780 6 6 4 G 
0.516450 6 6 3 G 
0.566283 6 6 2 G 
0.593044 6 6 1 G 
0.638949 6 6 0 G 
0.683510 6 6 14 G 
0.710973 6 6 13 G 
0.756273 6 6 12 G 
0.792282 6 6 11 G 
0.810811 6 6 10 G 
0.836344 6 6 9 G 
0.868350 6 6 8 G 
0.883305 6 6 7 G 
0.899250 6 6 6 G 
0.934930 6 6 5 G 
0.958835 6 6 4 G 
0.978011 6 6 3 G 
1.021035 6 6 2 G 
1.068437 6 6 1 G 
1.084202 6 6 0 G 
1.119918 6 6 14 G 
1.169862 6 6 14 g 
0.000000 9 9 9 J 
0.000263 9 10 9 J 
0.013517 9 11 9 J 
0.045368 9 12 9 J 
0.056869 9 13 9 J 
0.070894 9 14 9 J 
0.088539 9 0 9 J 
0.119714 9 1 9 J 
0.146497 9 2 9 J 
0.173253 9 3 9 J 
0.215492 9 4 9 J 
0.264552 9 5 9 J 
0.301641 9 6 9 J 
0.322038 9 7 9 J 
0.357551 9 8 9 J 
0.408081 9 9 9 J 
0.446722 9 10 9 J 
0.495360 9 11 9 J 
0.520600 9 12 9 J 
0.551317 9 13 9 J 
0.565222 9 14 9 J 
0.593166 9 0 9 J 
0.621136 9 1 9 J 
0.647738 9 2 9 J 
0.697843 9 3 9 J 
0.721638 9 4 9 J 
0.741056 9 5 9 J 
0.776509 9 6 9 J 
0.795789 9 7 9 J 
0.817128 9 8 9 J 
0.855564 9 9 9 J 
0.885512 9 10 9 J 
0.923137 9 11 9 J 
0.962145 9 12 9 J 
0.974874 9 13 9 J 
0.986561 9 14 9 J 
0.999558 9 0 9 J 
1.036083 9 1 9 J 
1.062855 9 2 9 J 
1.111499 9 3 9 J 
1.148813 9 4 9 J 
1.192258 9 5 9 J 
1.202880 9 6 9 J 
1.253382 9 7 9 J 
1.290011 9 8 9 J 
1.337944 9 9 9 J 
1.372881 9 10 9 J 
1.391615 9 11 9 J 
1.425728 9 12 9 J 
1.440435 9 13 9 J 
1.458324 9 14 9 J 
1.469759 9 0 9 J 
1.491142 9 1 9 J 
1.501776 9 2 9 J 
1.523020 9 3 9 J 
1.571618 9 4 9 J 
1.600838 9 5 9 J 
1.624820 9 6 9 J 
1.659552 9 7 9 J 
1.696855 9 8 9 J 
1.724193 9 9 9 J 
1.737759 9 10 9 J 
1.752417 9 11 9 J 
1.799442 9 12 9 J 
1.822436 9 13 9 J 
1.842535 9 14 9 J 
0.000000 14 14 14 O 
0.000277 14 14 0 O 
0.014664 14 14 1 O 
0.059133 14 14 2 O 
0.091727 14 14 3 O 
0.116801 14 14 4 O 
0.132476 14 14 5 O 
0.146338 14 14 6 O 
0.192242 14 14 7 O 
0.235854 14 14 8 O 
0.255612 14 14 9 O 
0.304673 14 14 10 O 
0.335728 14 14 11 O 
0.382254 14 14 12 O 
0.414812 14 14 13 O 
0.455011 14 14 14 O 
0.493270 14 14 0 O 
0.537616 14 14 1 O 
0.552377 14 14 2 O 
0.572969 14 14 3 O 
0.623251 14 14 4 O 
0.656010 14 14 5 O 
0.676905 14 14 6 O 
0.727163 14 14 7 O 
0.776646 14 14 8 O 
0.817131 14 14 9 O 
0.847123 14 14 10 O 
0.898047 14 14 11 O 
0.932718 14 14 12 O 
0.948049 14 14 13 O 
0.995165 14 14 14 O 
1.037143 14 14 0 O 
1.073853 14 14 1 O 
1.110346 14 14 2 O 
1.143302 14 14 3 O 
1.201810 14 14 4 O 
1.215442 14 14 5 O 
1.254464 14 14 6 O 
1.293141 14 14 7 O 
1.319165 14 14 8 O 
1.366436 14 14 9 O 
1.379638 14 14 10 O 
1.404581 14 14 11 O 
1.443610 14 14 12 O 
1.484623 14 14 13 O 
1.499659 14 14 14 O 
1.545069 14 14 0 O 
1.586279 14 14 1 O 
1.621561 14 14 2 O 
1.671264 14 14 3 O 
1.685145 14 14 4 O 
1.731434 14 14 5 O 
1.777416 14 14 6 O 
1.815130 14 14 7 O 
1.842524 14 14 8 O 
1.863570 14 14 8 o 
0.000000 11 11 11 L 
0.000251 11 12 11 L 
0.032439 11 13 11 L 
0.055810 11 14 11 L 
0.079627 11 0 11 L 
0.113345 11 1 11 L 
0.151966 11 2 11 L 
0.194229 11 3 11 L 
0.219731 11 4 11 L 
0.249327 11 5 11 L 
0.291197 11 6 11 L 
0.345653 11 7 11 L 
0.382358 11 8 11 L 
0.425201 11 9 11 L 
0.475130 11 10 11 L 
0.493135 11 11 11 L 
0.527056 11 12 11 L 
0.540790 11 13 11 L 
0.553440 11 14 11 L 
0.586622 11 0 11 L 
0.643445 11 1 11 L 
0.664641 11 2 11 L 
0.693561 11 3 11 L 
0.743318 11 4 11 L 
0.772139 11 5 11 L 
0.821267 11 6 11 L 
0.871447 11 7 11 L 
0.884443 11 8 11 L 
0.904716 11 9 11 L 
0.937264 11 10 11 L 
0.972740 11 11 11 L 
0.987690 11 12 11 L 
1.014857 11 13 11 L 
1.064064 11 14 11 L 
1.085641 11 0 11 L 
1.122117 11 1 11 L 
1.165744 11 2 11 L 
1.179683 11 3 11 L 
1.211304 11 4 11 L 
1.246322 11 5 11 L 
1.258754 11 6 11 L 
1.281741 11 7 11 L 
1.318106 11 8 11 L 
1.354836 11 9 11 L 
1.394894 11 10 11 L 
1.428903 11 11 11 L 
1.466642 11 12 11 L 
1.487882 11 13 11 L 
1.518596 11 14 11 L 
1.550386 11 0 11 L 
1.592493 11 1 11 L 
1.611298 11 2 11 L 
1.630310 11 3 11 L 
1.642781 11 4 11 L 
1.699060 11 5 11 L 
1.734566 11 6 11 L 
1.765933 11 7 11 L 
1.788877 11 8 11 L 
1.821393 11 9 11 L 
1.861451 11 10 11 L 
1.899131 11 11 11 L 
1.938559 11 12 11 L 
1.954165 11 13 11 L 
1.978821 11 14 11 L 
1.996547 11 0 11 L 
2.017839 11 1 11 L 
2.065496 11 2 11 L 
0.000000 7 7 7 H 
0.000252 7 8 7 H 
0.012466 7 9 7 H 
0.048709 7 10 7 H 
0.064434 7 11 7 H 
0.087339 7 12 7 H 
0.109111 7 13 7 H 
0.132350 7 14 7 H 
0.148625 7 0 7 H 
0.194233 7 1 7 H 
0.232675 7 2 7 H 
0.263364 7 3 7 H 
0.277377 7 4 7 H 
0.313367 7 5 7 H 
0.338065 7 6 7 H 
0.364101 7 7 7 H 
0.379000 7 8 7 H 
0.411351 7 9 7 H 
0.424141 7 10 7 H 
0.473013 7 11 7 H 
0.499436 7 12 7 H 
0.536557 7 13 7 H 
0.568504 7 14 7 H 
0.617964 7 0 7 H 
0.641324 7 1 7 H 
0.687969 7 2 7 H 
0.710980 7 3 7 H 
0.747633 7 4 7 H 
0.762622 7 5 7 H 
0.786880 7 6 7 H 
0.832195 7 7 7 H 
0.880103 7 8 7 H 
0.928339 7 9 7 H 
0.965502 7 10 7 H 
1.007219 7 11 7 H 
1.041438 7 12 7 H 
1.069495 7 13 7 H 
1.096665 7 14 7 H 
1.123189 7 0 7 H 
1.144442 7 1 7 H 
1.178606 7 2 7 H 
1.220743 7 3 7 H 
1.252278 7 4 7 H 
1.277435 7 5 7 H 
1.315991 7 6 7 H 
1.343274 7 7 7 H 
1.376154 7 8 7 H 
1.412141 7 9 7 H 
1.462525 7 10 7 H 
1.504004 7 11 7 H 
1.517618 7 12 7 H 
1.558870 7 13 7 H 
1.605067 7 14 7 H 
1.639660 7 0 7 H 
1.689270 7 1 7 H 
1.701153 7 2 7 H 
1.730380 7 3 7 H 
1.750276 7 4 7 H 
1.823497 7 5 7 H 
1.865802 7 6 7 H 
1.906496 7 7 7 H 
1.952037 7 8 7 H 
1.978814 7 9 7 H 
2.023899 7 10 7 H 
2.057971 7 11 7 H 
2.078256 7 12 7 H 
0.000000 8 8 8 I 
0.000258 8 8 7 I 
0.048713 8 8 6 I 
0.094904 8 8 5 I 
0.130237 8 8 4 I 
0.174200 8 8 3 I 
0.201552 8 8 2 I 
0.240973 8 8 1 I 
0.269731 8 8 0 I 
0.307011 8 8 14 I 
0.351075 8 8 13 I 
0.389725 8 8 12 I 
0.410291 8 8 11 I 
0.475132 8 8 10 I 
0.524806 8 8 9 I 
0.549201 8 8 8 I 
0.561993 8 8 7 I 
0.590931 8 8 6 I 
0.636834 8 8 5 I 
0.675676 8 8 4 I 
0.719504 8 8 3 I 
0.731453 8 8 2 I 
0.744391 8 8 1 I 
0.776727 8 8 0 I 
0.795777 8 8 14 I 
0.816058 8 8 13 I 
0.859786 8 8 12 I 
0.901382 8 8 11 I 
0.937268 8 8 10 I 
0.970625 8 8 9 I 
0.998388 8 8 8 I 
1.022095 8 8 7 I 
1.053374 8 8 6 I 
1.082214 8 8 5 I 
1.095285 8 8 4 I 
1.125310 8 8 3 I 
1.171051 8 8 2 I 
1.189140 8 8 1 I 
1.237440 8 8 0 I 
1.273347 8 8 14 I 
1.310859 8 8 13 I 
1.348491 8 8 12 I 
1.386332 8 8 11 I 
1.435136 8 8 10 I 
1.469760 8 8 9 I 
1.507122 8 8 8 I 
1.542867 8 8 7 I 
1.565341 8 8 6 I 
1.576954 8 8 5 I 
1.602952 8 8 4 I 
1.629154 8 8 3 I 
1.656424 8 8 2 I 
1.672426 8 8 1 I 
1.714685 8 8 0 I 
1.749214 8 8 14 I 
1.791994 8 8 13 I 
1.842445 8 8 12 I 
1.865804 8 8 11 I 
1.891854 8 8 10 I 
1.910742 8 8 9 I 
1.959406 8 8 8 I 
2.005914 8 8 7 I 
2.029239 8 8 6 I 
2.060176 8 8 5 I 
2.078348 8 8 4 I 
2.105386 8 8 3 I 
2.155119 8 8 2 I 
0.000000 1 1 1 B 
0.000263 1 0 1 B 
0.049791 1 14 1 B 
0.099240 1 13 1 B 
0.119855 1 12 1 B 
0.146495 1 11 1 B 
0.181560 1 10 1 B 
0.202613 1 9 1 B 
0.228267 1 8 1 B 
0.307012 1 7 1 B 
0.349908 1 6 1 B 
0.362899 1 5 1 B 
0.390785 1 4 1 B 
0.414668 1 3 1 B 
0.426385 1 2 1 B 
0.487920 1 1 1 B 
0.501696 1 0 1 B 
0.548131 1 14 1 B 
0.580326 1 13 1 B 
0.614354 1 12 1 B 
0.638949 1 11 1 B 
0.668130 1 10 1 B 
0.684704 1 9 1 B 
0.724884 1 8 1 B 
0.764735 1 7 1 B 
0.776724 1 6 1 B 
0.788079 1 5 1 B 
0.803379 1 4 1 B 
0.842615 1 3 1 B 
0.878927 1 2 1 B 
0.910926 1 1 1 B 
0.943827 1 0 1 B 
0.983391 1 14 1 B 
1.032656 1 13 1 B 
1.067233 1 12 1 B 
1.101967 1 11 1 B 
1.126437 1 10 1 B 
1.172195 1 9 1 B 
1.186008 1 8 1 B 
1.208113 1 7 1 B 
1.237439 1 6 1 B 
1.258753 1 5 1 B 
1.272281 1 4 1 B 
1.306685 1 3 1 B 
1.320225 1 2 1 B 
1.334775 1 1 1 B 
1.379457 1 0 1 B 
1.401372 1 14 1 B 
1.447838 1 13 1 B 
1.497447 1 12 1 B 
1.517537 1 11 1 B 
1.562146 1 10 1 B 
1.595665 1 9 1 B 
1.625966 1 8 1 B 
1.655274 1 7 1 B 
1.668060 1 6 1 B 
1.689272 1 5 1 B 
1.732505 1 4 1 B 
1.761699 1 3 1 B 
1.799440 1 2 1 B 
1.825711 1 1 1 B 
1.855188 1 0 1 B 
1.899251 1 14 1 B 
1.942690 1 13 1 B 
1.964696 1 12 1 B 
2.012353 1 11 1 B 
2.027016 1 10 1 B 
2.052792 1 9 1 B 
2.076006 1 8 1 B 
2.102189 1 7 1 B 
2.130362 1 6 1 B 
2.143624 1 5 1 B 
0.000000 2 2 2 C 
0.000199 2 2 3 C 
0.065612 2 2 4 C 
0.103687 2 2 5 C 
0.146334 2 2 6 C 
0.161549 2 2 7 C 
0.184741 2 2 8 C 
0.203674 2 2 9 C 
0.233734 2 2 10 C 
0.282618 2 2 11 C 
0.297317 2 2 12 C 
0.335835 2 2 13 C 
0.351184 2 2 14 C 
0.388547 2 2 0 C 
0.420904 2 2 1 C 
0.443438 2 2 2 C 
0.487916 2 2 3 C 
0.531302 2 2 4 C 
0.570744 2 2 5 C 
0.598490 2 2 6 C 
0.628423 2 2 7 C 
0.667997 2 2 8 C 
0.710978 2 2 9 C 
0.742130 2 2 10 C 
0.774550 2 2 11 C 
0.812858 2 2 12 C 
0.832044 2 2 13 C 
0.866215 2 2 14 C 
0.910928 2 2 0 C 
0.941584 2 2 1 C 
0.963321 2 2 2 C 
0.984449 2 2 3 C 
1.012616 2 2 4 C 
1.060736 2 2 5 C 
1.109286 2 2 6 C 
1.138035 2 2 7 C 
1.172194 2 2 8 C 
1.182815 2 2 9 C 
1.218622 2 2 10 C 
1.256613 2 2 11 C 
1.284779 2 2 12 C 
1.324421 2 2 13 C 
1.358095 2 2 14 C 
1.382968 2 2 0 C 
1.396055 2 2 1 C 
1.423532 2 2 2 C 
1.441494 2 2 3 C 
1.497439 2 2 4 C 
1.537550 2 2 5 C 
1.581149 2 2 6 C 
1.623688 2 2 7 C 
1.667000 2 2 8 C 
1.685142 2 2 9 C 
1.698000 2 2 10 C 
1.717878 2 2 11 C 
1.753439 2 2 12 C 
1.792093 2 2 13 C 
1.833057 2 2 14 C 
1.855194 2 2 0 C 
1.871123 2 2 1 C 
1.911801 2 2 2 C 
1.928400 2 2 3 C 
1.962552 2 2 4 C 
1.991213 2 2 5 C 
2.005834 2 2 6 C 
2.028180 2 2 7 C 
2.060294 2 2 8 C 
2.106449 2 2 9 C 
2.117923 2 2 10 C 
2.148872 2 2 10 c 
0.000000 4 4 4 E 
0.000200 4 4 3 E 
0.021938 4 4 2 E 
0.034696 4 4 1 E 
0.081888 4 4 0 E 
0.121830 4 4 14 E 
0.153028 4 4 13 E 
0.192110 4 4 12 E 
0.222977 4 4 11 E 
0.291197 4 4 10 E 
0.312307 4 4 9 E 
0.348847 4 4 8 E 
0.393967 4 4 7 E 
0.413439 4 4 6 E 
0.442389 4 4 5 E 
0.457234 4 4 4 E 
0.489894 4 4 3 E 
0.533421 4 4 2 E 
0.567440 4 4 1 E 
0.586624 4 4 0 E 
0.615582 4 4 14 E 
0.664516 4 4 13 E 
0.709912 4 4 12 E 
0.751891 4 4 11 E 
0.821270 4 4 10 E 
0.832191 4 4 9 E 
0.854387 4 4 8 E 
0.893847 4 4 7 E 
0.913210 4 4 6 E 
0.938342 4 4 5 E 
0.965500 4 4 4 E 
1.013797 4 4 3 E 
1.047906 4 4 2 E 
1.068435 4 4 1 E 
1.108208 4 4 0 E 
1.133795 4 4 14 E 
1.173353 4 4 13 E 
1.196494 4 4 12 E 
1.230173 4 4 11 E 
1.258756 4 4 10 E 
1.273339 4 4 9 E 
1.304554 4 4 8 E 
1.326490 4 4 7 E 
1.353689 4 4 6 E 
1.378371 4 4 5 E 
1.427844 4 4 4 E 
1.470906 4 4 3 E 
1.482503 4 4 2 E 
1.510299 4 4 1 E 
1.520812 4 4 0 E 
1.554606 4 4 14 E 
1.580089 4 4 13 E 
1.595750 4 4 12 E 
1.622630 4 4 11 E 
1.654214 4 4 10 E 
1.699058 4 4 9 E 
1.713625 4 4 8 E 
1.759567 4 4 7 E 
1.774297 4 4 6 E 
1.823495 4 4 5 E 
1.869008 4 4 4 E 
1.913930 4 4 3 E 
1.963624 4 4 2 E 
1.978815 4 4 1 E 
2.008042 4 4 0 E 
2.050673 4 4 14 E 
2.094880 4 4 13 E 
2.125109 4 4 12 E 
2.145755 4 4 11 E 
2.171497 4 4 10 E 
2.200571 4 4 9 E 
2.217821 4 4 8 E 
2.233499 4 4 7 E 
2.269386 4 4 6 E 
