-1 15 15 15
0.000000 4 2 5 E 
0.019682 4 2 6 E 
0.068683 4 2 7 E 
0.090410 4 2 6 E 
0.121399 4 2 7 E 
0.170794 4 2 8 E 
0.200485 4 2 7 E 
0.211050 4 2 7 e 
0.000000 0 1 9 A 
0.016447 0 1 8 A 
0.065506 0 1 7 A 
0.082828 0 0 7 A 
0.119159 0 1 7 A 
0.158170 0 1 6 A 
0.176075 0 2 6 A 
0.223737 0 2 6 a 
0.000000 7 5 0 H 
0.044740 7 5 1 H 
0.071856 7 5 2 H 
0.119158 7 4 2 H 
0.136819 7 4 3 H 
0.149772 7 3 3 H 
0.185610 7 3 4 H 
0.224821 7 2 4 H 
0.243920 7 2 5 H 
0.268301 7 2 5 h 
0.000000 2 1 4 C 
0.027115 2 1 3 C 
0.046896 2 2 3 C 
0.060127 2 1 3 C 
0.091469 2 1 4 C 
0.101995 2 1 3 C 
0.147703 2 1 4 C 
0.180325 2 1 5 C 
0.224814 2 0 5 C 
0.247105 2 1 5 C 
0.277732 2 0 5 C 
0.317783 2 0 4 C 
0.354215 2 14 4 C 
0.366755 2 13 4 C 
0.409953 2 13 3 C 
0.433165 2 13 3 c 
0.000000 6 0 2 G 
0.027126 6 14 2 G 
0.067625 6 14 3 G 
0.088407 6 13 3 G 
0.117979 6 13 4 G 
0.159229 6 13 5 G 
0.187731 6 13 6 G 
0.213166 6 13 5 G 
0.234381 6 13 4 G 
0.278803 6 13 3 G 
0.317876 6 13 2 G 
0.345399 6 12 2 G 
0.410994 6 12 3 G 
0.455577 6 12 3 g 
0.000000 12 11 6 M 
0.028185 12 11 5 M 
0.063298 12 10 5 M 
0.103052 12 9 5 M 
0.132475 12 9 4 M 
0.145573 12 10 4 M 
0.173978 12 10 3 M 
0.207884 12 11 3 M 
0.252416 12 11 4 M 
0.294524 12 11 3 M 
0.344251 12 11 4 M 
0.361510 12 12 4 M 
0.388914 12 12 3 M 
0.410993 12 12 4 M 
0.459754 12 12 4 m 
0.000000 14 3 12 O 
0.019689 14 4 12 O 
0.040453 14 4 13 O 
0.075088 14 3 13 O 
0.114805 14 3 14 O 
0.150838 14 3 0 O 
0.165492 14 3 1 O 
0.186669 14 4 1 O 
0.206814 14 3 1 O 
0.235439 14 3 2 O 
0.267248 14 3 3 O 
0.302005 14 3 4 O 
0.344273 14 3 5 O 
0.364642 14 3 4 O 
0.387943 14 4 4 O 
0.399410 14 5 4 O 
0.432106 14 4 4 O 
0.452457 14 5 4 O 
0.499320 14 4 4 O 
0.522422 14 4 3 O 
0.533920 14 3 3 O 
0.555064 14 3 4 O 
0.570776 14 2 4 O 
0.595884 14 2 4 o 
0.000000 5 7 0 F 
0.041531 5 7 14 F 
0.054994 5 7 13 F 
0.094742 5 7 14 F 
0.122564 5 8 14 F 
0.166572 5 7 14 F 
0.189869 5 7 0 F 
0.222667 5 7 1 F 
0.253484 5 8 1 F 
0.304120 5 8 2 F 
0.326180 5 8 3 F 
0.339978 5 9 3 F 
0.356335 5 9 2 F 
0.383640 5 8 2 F 
0.411002 5 9 2 F 
0.433164 5 9 1 F 
0.461871 5 9 2 F 
0.494055 5 10 2 F 
0.513922 5 9 2 F 
0.561362 5 9 1 F 
0.611570 5 10 1 F 
0.628276 5 10 2 F 
0.648011 5 11 2 F 
0.660754 5 12 2 F 
0.702487 5 12 2 f 
0.000000 11 9 8 L 
0.024969 11 8 8 L 
0.036332 11 9 8 L 
0.066565 11 9 7 L 
0.080485 11 9 8 L 
0.093582 11 9 9 L 
0.106224 11 9 10 L 
0.121400 11 10 10 L 
0.164423 11 10 9 L 
0.196243 11 11 9 L 
0.218493 11 11 8 L 
0.249231 11 10 8 L 
0.275617 11 10 7 L 
0.302003 11 11 7 L 
0.343191 11 10 7 L 
0.376307 11 9 7 L 
0.404645 11 9 8 L 
0.438422 11 8 8 L 
0.476962 11 9 8 L 
0.499313 11 10 8 L 
0.529784 11 10 7 L 
0.544557 11 10 6 L 
0.559243 11 10 7 L 
0.570738 11 10 8 L 
0.644721 11 9 8 L 
0.676329 11 9 9 L 
0.688856 11 8 9 L 
0.734743 11 8 9 l 
0.000000 3 8 7 D 
0.012345 3 8 6 D 
0.039393 3 9 6 D 
0.088291 3 8 6 D 
0.136712 3 8 5 D 
0.150846 3 7 5 D 
0.178193 3 6 5 D 
0.191994 3 6 6 D 
0.215291 3 7 6 D 
0.243921 3 7 5 D 
0.260905 3 6 5 D 
0.280929 3 5 5 D 
0.315656 3 5 6 D 
0.338827 3 6 6 D 
0.355275 3 7 6 D 
0.387855 3 6 6 D 
0.407828 3 5 6 D 
0.425632 3 6 6 D 
0.473780 3 6 7 D 
0.511793 3 7 7 D 
0.542408 3 8 7 D 
0.573934 3 9 7 D 
0.607323 3 9 8 D 
0.644712 3 8 8 D 
0.685740 3 7 8 D 
0.697183 3 7 9 D 
0.714864 3 6 9 D 
0.730414 3 7 9 D 
0.773392 3 7 9 d 
0.000000 1 14 11 B 
0.028200 1 14 10 B 
0.077201 1 0 10 B 
0.094744 1 14 10 B 
0.107371 1 13 10 B 
0.137893 1 13 11 B 
0.151908 1 12 11 B 
0.164413 1 12 12 B 
0.213167 1 12 11 B 
0.252415 1 12 10 B 
0.297764 1 11 10 B 
0.311471 1 11 9 B 
0.330521 1 12 9 B 
0.378420 1 12 8 B 
0.394167 1 13 8 B 
0.441695 1 13 9 B 
0.483506 1 13 10 B 
0.504522 1 12 10 B 
0.536053 1 12 9 B 
0.556119 1 12 10 B 
0.593769 1 12 9 B 
0.621993 1 11 9 B 
0.652263 1 10 9 B 
0.689926 1 10 10 B 
0.701413 1 10 11 B 
0.721000 1 11 11 B 
0.742127 1 10 11 B 
0.767993 1 9 11 B 
0.779536 1 9 10 B 
0.802655 1 9 9 B 
0.828612 1 9 10 B 
0.872340 1 8 10 B 
0.919304 1 8 10 b 
0.000000 9 2 14 J 
0.021831 9 2 0 J 
0.042607 9 3 0 J 
0.083890 9 2 0 J 
0.125789 9 3 0 J 
0.150835 9 2 0 J 
0.195182 9 1 0 J 
0.230124 9 0 0 J 
0.242850 9 0 14 J 
0.283049 9 0 0 J 
0.326173 9 1 0 J 
0.348718 9 1 1 J 
0.373193 9 2 1 J 
0.395225 9 2 2 J 
0.427911 9 3 2 J 
0.444940 9 4 2 J 
0.467090 9 5 2 J 
0.487663 9 6 2 J 
0.527654 9 6 1 J 
0.541344 9 5 1 J 
0.588518 9 5 0 J 
0.604135 9 5 1 J 
0.646836 9 5 0 J 
0.672141 9 4 0 J 
0.714866 9 5 0 J 
0.738942 9 6 0 J 
0.781794 9 6 1 J 
0.808809 9 6 2 J 
0.836902 9 7 2 J 
0.859768 9 7 1 J 
0.899401 9 7 2 J 
0.945549 9 7 3 J 
0.961197 9 8 3 J 
0.978894 9 8 2 J 
1.025174 9 8 1 J 
1.073628 9 7 1 J 
1.099193 9 8 1 J 
1.146368 9 9 1 J 
1.179185 9 8 1 J 
1.207357 9 8 0 J 
1.254670 9 8 14 J 
1.268960 9 7 14 J 
1.285624 9 7 13 J 
1.323602 9 8 13 J 
1.347432 9 8 12 J 
1.378242 9 8 13 J 
1.397742 9 7 13 J 
1.423226 9 7 14 J 
1.454302 9 6 14 J 
1.498785 9 5 14 J 
1.523391 9 6 14 J 
1.569460 9 7 14 J 
0.000000 10 2 12 K 
0.045819 10 2 13 K 
0.114806 10 3 13 K 
0.150839 10 3 14 K 
0.180330 10 4 14 K 
0.202616 10 4 13 K 
0.233308 10 4 12 K 
0.255609 10 4 13 K 
0.269363 10 5 13 K 
0.307355 10 5 14 K 
0.330422 10 6 14 K 
0.372051 10 6 13 K 
0.421403 10 6 14 K 
0.447178 10 7 14 K 
0.472515 10 7 13 K 
0.488734 10 6 13 K 
0.522432 10 6 12 K 
0.551885 10 5 12 K 
0.576994 10 5 11 K 
0.608400 10 5 12 K 
0.631459 10 5 11 K 
0.670002 10 5 12 K 
0.681619 10 5 11 K 
0.723053 10 5 10 K 
0.769164 10 4 10 K 
0.814995 10 3 10 K 
0.855486 10 4 10 K 
0.870113 10 5 10 K 
0.900461 10 5 11 K 
0.916943 10 5 10 K 
0.958076 10 6 10 K 
0.977831 10 7 10 K 
1.000400 10 7 11 K 
1.014865 10 6 11 K 
1.051810 10 6 12 K 
1.070420 10 7 12 K 
1.114534 10 6 12 K 
1.127998 10 6 11 K 
1.147427 10 6 10 K 
1.182417 10 6 11 K 
1.206217 10 7 11 K 
1.250443 10 6 11 K 
1.281377 10 7 11 K 
1.291840 10 7 10 K 
1.338059 10 7 11 K 
1.366822 10 7 10 K 
1.405926 10 6 10 K 
1.435613 10 6 11 K 
1.464993 10 7 11 K 
1.510102 10 7 12 K 
1.540673 10 8 12 K 
1.566346 10 8 11 K 
1.604472 10 9 11 K 
1.620960 10 8 11 K 
1.670716 10 8 12 K 
1.696180 10 7 12 K 
1.717789 10 7 13 K 
1.758541 10 7 13 k 
0.000000 13 12 8 N 
0.020747 13 11 8 N 
0.040454 13 12 8 N 
0.068684 13 12 9 N 
0.107451 13 12 8 N 
0.140116 13 13 8 N 
0.166563 13 14 8 N 
0.216366 13 14 9 N 
0.240736 13 14 10 N 
0.267242 13 14 11 N 
0.278804 13 13 11 N 
0.321001 13 13 10 N 
0.364665 13 13 9 N 
0.387857 13 13 10 N 
0.426767 13 12 10 N 
0.473672 13 12 11 N 
0.489827 13 12 12 N 
0.503446 13 12 13 N 
0.520285 13 13 13 N 
0.562428 13 12 13 N 
0.603055 13 13 13 N 
0.650145 13 13 14 N 
0.673212 13 13 0 N 
0.709617 13 12 0 N 
0.720982 13 12 1 N 
0.764837 13 12 0 N 
0.809870 13 11 0 N 
0.848167 13 11 1 N 
0.876660 13 10 1 N 
0.923674 13 11 1 N 
0.938128 13 11 2 N 
0.956867 13 10 2 N 
0.987993 13 10 3 N 
1.006526 13 9 3 N 
1.043639 13 9 4 N 
1.054993 13 9 3 N 
1.098124 13 8 3 N 
1.134231 13 8 4 N 
1.184531 13 8 3 N 
1.195938 13 9 3 N 
1.232994 13 8 3 N 
1.254752 13 9 3 N 
1.276178 13 9 4 N 
1.294997 13 10 4 N 
1.326718 13 10 3 N 
1.343198 13 10 4 N 
1.366823 13 10 3 N 
1.397763 13 10 4 N 
1.447079 13 10 3 N 
1.459645 13 11 3 N 
1.477324 13 11 4 N 
1.511160 13 11 5 N 
1.560172 13 11 6 N 
1.570611 13 11 5 N 
1.605536 13 12 5 N 
1.652387 13 12 6 N 
1.688065 13 11 6 N 
1.716586 13 12 6 N 
1.763743 13 12 7 N 
1.776170 13 13 7 N 
1.788296 13 12 7 N 
1.820108 13 11 7 N 
1.860967 13 10 7 N 
1.885570 13 9 7 N 
1.928441 13 8 7 N 
1.948980 13 8 8 N 
1.997563 13 8 7 N 
2.033200 13 9 7 N 
2.071287 13 9 8 N 
0.000000 8 8 14 I 
0.017565 8 9 14 I 
0.062240 8 9 0 I 
0.085115 8 10 0 I 
0.127996 8 9 0 I 
0.139992 8 10 0 I 
0.160299 8 10 1 I 
0.203694 8 9 1 I 
0.227998 8 9 0 I 
0.264056 8 9 1 I 
0.304121 8 8 1 I 
0.351010 8 8 2 I 
0.383637 8 7 2 I 
0.431048 8 7 1 I 
0.469372 8 8 1 I 
0.498243 8 8 0 I 
0.529793 8 8 1 I 
0.566610 8 7 1 I 
0.606252 8 8 1 I 
0.630389 8 8 0 I 
0.660746 8 8 14 I 
0.681622 8 9 14 I 
0.696112 8 9 13 I 
0.731474 8 9 12 I 
0.752438 8 10 12 I 
0.791485 8 9 12 I 
0.823282 8 10 12 I 
0.842053 8 11 12 I 
0.882995 8 12 12 I 
0.928907 8 13 12 I 
0.941345 8 14 12 I 
0.978897 8 14 11 I 
1.019981 8 13 11 I 
1.032464 8 12 11 I 
1.081853 8 12 12 I 
1.098269 8 12 13 I 
1.148615 8 11 13 I 
1.172909 8 11 14 I 
1.192735 8 11 13 I 
1.225694 8 11 12 I 
1.252557 8 11 11 I 
1.302187 8 11 10 I 
1.348492 8 11 9 I 
1.392476 8 11 10 I 
1.442919 8 12 10 I 
1.460803 8 13 10 I 
1.478384 8 13 11 I 
1.497726 8 13 12 I 
1.545893 8 13 13 I 
1.593121 8 12 13 I 
1.623049 8 12 14 I 
1.651300 8 12 13 I 
1.701297 8 11 13 I 
1.715528 8 11 14 I 
1.743110 8 12 14 I 
1.790412 8 12 13 I 
1.812954 8 11 13 I 
1.848667 8 11 12 I 
1.864153 8 11 11 I 
1.905424 8 11 12 I 
1.922271 8 12 12 I 
1.964201 8 13 12 I 
2.002935 8 14 12 I 
2.039711 8 14 13 I 
2.050208 8 0 13 I 
2.099786 8 0 14 I 
2.143318 8 14 14 I 
2.189900 8 14 13 I 
2.222419 8 0 13 I 
2.247693 8 14 13 I 
2.284007 8 0 13 I 
