-1  15  7  7
 0.000000000  13  5  3  N
 0.002178694  13  5  2  N
 0.025957182  13  5  3  N
 0.038917219  13  5  2  N
 0.087788875  13  5  3  N
 0.100204898  13  6  3  N
 0.120278964  13  0  3  N
 0.151266331  13  0  2  N
 0.166769660  13  1  2  N
 0.187489513  13  1  2  n
 0.254203242  13  1  2  n
 0.266428608  13  1  2  n
 0.315858435  13  1  2  n
 0.337171682  13  1  2  n
 0.000000000  3  5  4  D
 0.001802196  3  5  5  D
 0.030324929  3  5  5  d
 0.095480341  3  5  5  d
 0.114418350  3  5  5  d
 0.148441398  3  5  5  d
 0.167838744  3  5  5  d
 0.181499965  3  5  5  d
 0.226899522  3  5  5  d
 0.258749205  3  5  5  d
 0.269167169  3  5  5  d
 0.298130377  3  5  5  d
 0.337894965  3  5  5  d
 0.370752867  3  5  5  d
 0.391253364  3  5  5  d
 0.424359573  3  5  5  d
 0.474261125  3  5  5  d
 0.502770797  3  5  5  d
 0.552279985  3  5  5  d
 0.579517930  3  5  5  d
 0.628967470  3  5  5  d
 0.662007064  3  5  5  d
 0.692021845  3  5  5  d
 0.706971848  3  5  5  d
 0.738351814  3  5  5  d
 0.000000000  1  4  5  B
 0.001720075  1  4  6  B
 0.033642661  1  4  6  b
 0.120549906  1  4  6  b
 0.156503594  1  4  6  b
 0.189916465  1  4  6  b
 0.218180924  1  4  6  b
 0.257413954  1  4  6  b
 0.305960273  1  4  6  b
 0.321993949  1  4  6  b
 0.363724003  1  4  6  b
 0.379558069  1  4  6  b
 0.396276870  1  4  6  b
 0.415408299  1  4  6  b
 0.431083922  1  4  6  b
 0.442755495  1  4  6  b
 0.457832516  1  4  6  b
 0.502086803  1  4  6  b
 0.533466956  1  4  6  b
 0.553756623  1  4  6  b
 0.600473590  1  4  6  b
 0.639324037  1  4  6  b
 0.656024528  1  4  6  b
 0.672441038  1  4  6  b
 0.696853770  1  4  6  b
 0.716961162  1  4  6  b
 0.744520338  1  4  6  b
 0.779925838  1  4  6  b
 0.000000000  4  6  0  E
 0.001846953  4  6  0  e
 0.065383503  4  6  0  e
 0.099539756  4  6  0  e
 0.146900821  4  6  0  e
 0.190562188  4  6  0  e
 0.200892272  4  6  0  e
 0.220298649  4  6  0  e
 0.269966719  4  6  0  e
 0.292101142  4  6  0  e
 0.325714364  4  6  0  e
 0.361053967  4  6  0  e
 0.405081016  4  6  0  e
 0.438256185  4  6  0  e
 0.474651441  4  6  0  e
 0.497797050  4  6  0  e
 0.521843518  4  6  0  e
 0.560132087  4  6  0  e
 0.599628666  4  6  0  e
 0.635779887  4  6  0  e
 0.682862686  4  6  0  e
 0.713084948  4  6  0  e
 0.730695294  4  6  0  e
 0.757849435  4  6  0  e
 0.796232337  4  6  0  e
 0.830151027  4  6  0  e
 0.850702006  4  6  0  e
 0.860989715  4  6  0  e
 0.871172811  4  6  0  e
 0.899415573  4  6  0  e
 0.932902219  4  6  0  e
 0.969142379  4  6  0  e
 0.000000000  11  2  3  L
 0.002130533  11  3  3  L
 0.042351285  11  4  3  L
 0.072622619  11  4  3  l
 0.151045468  11  4  3  l
 0.172835515  11  4  3  l
 0.218170760  11  4  3  l
 0.250174287  11  4  3  l
 0.290504801  11  4  3  l
 0.324350521  11  4  3  l
 0.369104129  11  4  3  l
 0.400315456  11  4  3  l
 0.427030694  11  4  3  l
 0.454503634  11  4  3  l
 0.480656195  11  4  3  l
 0.518465842  11  4  3  l
 0.560764134  11  4  3  l
 0.583800179  11  4  3  l
 0.618988490  11  4  3  l
 0.664441415  11  4  3  l
 0.686740136  11  4  3  l
 0.733830852  11  4  3  l
 0.769071556  11  4  3  l
 0.796024715  11  4  3  l
 0.823259175  11  4  3  l
 0.858494167  11  4  3  l
 0.897370450  11  4  3  l
 0.927742903  11  4  3  l
 0.949431225  11  4  3  l
 0.986362139  11  4  3  l
 1.000992896  11  4  3  l
 1.032320150  11  4  3  l
 1.046264411  11  4  3  l
 1.074553330  11  4  3  l
 0.000000000  14  1  2  O
 0.002199135  14  2  2  O
 0.012700916  14  2  2  o
 0.077474188  14  2  2  o
 0.120279060  14  2  2  o
 0.147501417  14  2  2  o
 0.179201020  14  2  2  o
 0.193925601  14  2  2  o
 0.226372493  14  2  2  o
 0.267297011  14  2  2  o
 0.294880666  14  2  2  o
 0.338848777  14  2  2  o
 0.352863469  14  2  2  o
 0.401205410  14  2  2  o
 0.419202695  14  2  2  o
 0.433506726  14  2  2  o
 0.458474964  14  2  2  o
 0.502075158  14  2  2  o
 0.542925712  14  2  2  o
 0.561290590  14  2  2  o
 0.589768164  14  2  2  o
 0.609460722  14  2  2  o
 0.652899653  14  2  2  o
 0.695472870  14  2  2  o
 0.731865368  14  2  2  o
 0.775780102  14  2  2  o
 0.807238429  14  2  2  o
 0.844093520  14  2  2  o
 0.887601787  14  2  2  o
 0.914565283  14  2  2  o
 0.958675935  14  2  2  o
 1.003881037  14  2  2  o
 1.049291783  14  2  2  o
 1.077481988  14  2  2  o
 1.088223102  14  2  2  o
 1.120900185  14  2  2  o
 1.135666215  14  2  2  o
 1.158021251  14  2  2  o
 1.194732871  14  2  2  o
 0.000000000  2  6  4  C
 0.001769804  2  6  4  c
 0.078660873  2  6  4  c
 0.097416697  2  6  4  c
 0.126030064  2  6  4  c
 0.139438286  2  6  4  c
 0.178207268  2  6  4  c
 0.189019442  2  6  4  c
 0.199678355  2  6  4  c
 0.245562354  2  6  4  c
 0.271464416  2  6  4  c
 0.294880782  2  6  4  c
 0.327567945  2  6  4  c
 0.355587700  2  6  4  c
 0.377876250  2  6  4  c
 0.422719706  2  6  4  c
 0.442752130  2  6  4  c
 0.457262764  2  6  4  c
 0.476759269  2  6  4  c
 0.493497854  2  6  4  c
 0.536677224  2  6  4  c
 0.570161249  2  6  4  c
 0.613430375  2  6  4  c
 0.638458825  2  6  4  c
 0.675645437  2  6  4  c
 0.703432136  2  6  4  c
 0.739064509  2  6  4  c
 0.749752062  2  6  4  c
 0.774870003  2  6  4  c
 0.791116777  2  6  4  c
 0.815048161  2  6  4  c
 0.862173137  2  6  4  c
 0.907138023  2  6  4  c
 0.934904698  2  6  4  c
 0.959575153  2  6  4  c
 0.987324224  2  6  4  c
 1.018921378  2  6  4  c
 1.056183359  2  6  4  c
 1.093740703  2  6  4  c
 1.104228128  2  6  4  c
 1.129718970  2  6  4  c
 1.161884040  2  6  4  c
 1.209903335  2  6  4  c
 0.000000000  12  4  0  M
 0.002154539  12  4  0  m
 0.100748435  12  4  0  m
 0.115872631  12  4  0  m
 0.141036230  12  4  0  m
 0.169577804  12  4  0  m
 0.181500218  12  4  0  m
 0.225231268  12  4  0  m
 0.258776345  12  4  0  m
 0.291633350  12  4  0  m
 0.317189917  12  4  0  m
 0.334406766  12  4  0  m
 0.366877297  12  4  0  m
 0.382650735  12  4  0  m
 0.412416858  12  4  0  m
 0.424216219  12  4  0  m
 0.472901888  12  4  0  m
 0.484756379  12  4  0  m
 0.513982419  12  4  0  m
 0.535216226  12  4  0  m
 0.547656705  12  4  0  m
 0.560640739  12  4  0  m
 0.610531974  12  4  0  m
 0.636211880  12  4  0  m
 0.659117890  12  4  0  m
 0.694966949  12  4  0  m
 0.736297788  12  4  0  m
 0.781863271  12  4  0  m
 0.800840830  12  4  0  m
 0.816874883  12  4  0  m
 0.835339629  12  4  0  m
 0.875766251  12  4  0  m
 0.920925213  12  4  0  m
 0.951847984  12  4  0  m
 0.983464205  12  4  0  m
 1.007914877  12  4  0  m
 1.051099232  12  4  0  m
 1.061374432  12  4  0  m
 1.110844795  12  4  0  m
 1.135461193  12  4  0  m
 1.152972536  12  4  0  m
 1.183546171  12  4  0  m
 1.219387164  12  4  0  m
 1.254247873  12  4  0  m
 1.277705782  12  4  0  m
 1.299620285  12  4  0  m
 1.332108843  12  4  0  m
 1.379111615  12  4  0  m
 1.406089119  12  4  0  m
 1.428389550  12  4  0  m
 1.462513493  12  4  0  m
 1.505755278  12  4  0  m
 1.548110695  12  4  0  m
 1.591597652  12  4  0  m
 1.634192281  12  4  0  m
 1.649834129  12  4  0  m
 1.676876832  12  4  0  m
 1.698169178  12  4  0  m
 1.709015888  12  4  0  m
 1.756852634  12  4  0  m
 0.000000000  9  3  1  J
 0.002078235  9  3  0  J
 0.048158554  9  2  0  J
 0.058689421  9  3  0  J
 0.077297384  9  2  0  J
 0.091120720  9  2  0  j
 0.173866858  9  2  0  j
 0.193866353  9  2  0  j
 0.223642218  9  2  0  j
 0.272927719  9  2  0  j
 0.302695724  9  2  0  j
 0.352772428  9  2  0  j
 0.381671619  9  2  0  j
 0.428156189  9  2  0  j
 0.440083248  9  2  0  j
 0.473991817  9  2  0  j
 0.519442407  9  2  0  j
 0.542543022  9  2  0  j
 0.581118868  9  2  0  j
 0.623848570  9  2  0  j
 0.649922000  9  2  0  j
 0.662105315  9  2  0  j
 0.688752433  9  2  0  j
 0.729332347  9  2  0  j
 0.753303982  9  2  0  j
 0.763919843  9  2  0  j
 0.774206398  9  2  0  j
 0.812426658  9  2  0  j
 0.839743233  9  2  0  j
 0.856353006  9  2  0  j
 0.895113760  9  2  0  j
 0.908710356  9  2  0  j
 0.931834877  9  2  0  j
 0.962606501  9  2  0  j
 1.002041455  9  2  0  j
 1.034354101  9  2  0  j
 1.058420685  9  2  0  j
 1.098917290  9  2  0  j
 1.128571364  9  2  0  j
 1.141105352  9  2  0  j
 1.187578572  9  2  0  j
 1.211891175  9  2  0  j
 1.253279200  9  2  0  j
 1.296788918  9  2  0  j
 1.313907837  9  2  0  j
 1.348461482  9  2  0  j
 1.395037279  9  2  0  j
 1.426650538  9  2  0  j
 1.468680868  9  2  0  j
 1.518442019  9  2  0  j
 1.562521664  9  2  0  j
 1.608062613  9  2  0  j
 1.637286437  9  2  0  j
 1.652709620  9  2  0  j
 1.700682799  9  2  0  j
 1.714164441  9  2  0  j
 1.743009670  9  2  0  j
 1.775284771  9  2  0  j
 1.802845660  9  2  0  j
 0.000000000  0  6  5  A
 0.001598010  0  6  5  a
 0.076095386  0  6  5  a
 0.117344777  0  6  5  a
 0.155888581  0  6  5  a
 0.181793449  0  6  5  a
 0.194687426  0  6  5  a
 0.221639127  0  6  5  a
 0.263451948  0  6  5  a
 0.310490648  0  6  5  a
 0.357044889  0  6  5  a
 0.382496492  0  6  5  a
 0.423835015  0  6  5  a
 0.437586379  0  6  5  a
 0.476763763  0  6  5  a
 0.489864156  0  6  5  a
 0.536245805  0  6  5  a
 0.568292112  0  6  5  a
 0.616155075  0  6  5  a
 0.660860225  0  6  5  a
 0.673830677  0  6  5  a
 0.707650751  0  6  5  a
 0.723076884  0  6  5  a
 0.771491150  0  6  5  a
 0.793965626  0  6  5  a
 0.805188672  0  6  5  a
 0.846402218  0  6  5  a
 0.889066866  0  6  5  a
 0.917759174  0  6  5  a
 0.928048319  0  6  5  a
 0.966085047  0  6  5  a
 0.996773197  0  6  5  a
 1.031912036  0  6  5  a
 1.063473096  0  6  5  a
 1.086253552  0  6  5  a
 1.110126800  0  6  5  a
 1.142457248  0  6  5  a
 1.161427719  0  6  5  a
 1.185636033  0  6  5  a
 1.217657423  0  6  5  a
 1.239964248  0  6  5  a
 1.264470264  0  6  5  a
 1.295113846  0  6  5  a
 1.325622815  0  6  5  a
 1.356551218  0  6  5  a
 1.368439944  0  6  5  a
 1.380979477  0  6  5  a
 1.402801591  0  6  5  a
 1.415073065  0  6  5  a
 1.439323508  0  6  5  a
 1.485663971  0  6  5  a
 1.514861692  0  6  5  a
 1.565162405  0  6  5  a
 1.602565132  0  6  5  a
 1.620773699  0  6  5  a
 1.644142464  0  6  5  a
 1.667400868  0  6  5  a
 1.705026530  0  6  5  a
 1.747913367  0  6  5  a
 1.793090688  0  6  5  a
 1.841455860  0  6  5  a
 1.880235741  0  6  5  a
 1.895219681  0  6  5  a
 1.941906237  0  6  5  a
 1.965444545  0  6  5  a
 1.982147920  0  6  5  a
 1.994868477  0  6  5  a
 2.032725807  0  6  5  a
 2.061177711  0  6  5  a
 2.110260098  0  6  5  a
 2.152630591  0  6  5  a
 2.178685460  0  6  5  a
 0.000000000  8  6  1  I
 0.002046098  8  0  1  I
 0.049779710  8  6  1  I
 0.084457506  8  6  2  I
 0.107971399  8  6  1  I
 0.147036419  8  0  1  I
 0.178179147  8  0  2  I
 0.199690869  8  6  2  I
 0.223851739  8  0  2  I
 0.255682996  8  0  3  I
 0.286389900  8  1  3  I
 0.316046419  8  1  3  i
 0.415297178  8  1  3  i
 0.440187714  8  1  3  i
 0.457268383  8  1  3  i
 0.500677277  8  1  3  i
 0.540955814  8  1  3  i
 0.575177107  8  1  3  i
 0.613022737  8  1  3  i
 0.637852333  8  1  3  i
 0.682862645  8  1  3  i
 0.695171434  8  1  3  i
 0.710954260  8  1  3  i
 0.733496545  8  1  3  i
 0.781722887  8  1  3  i
 0.794757536  8  1  3  i
 0.840611441  8  1  3  i
 0.889908996  8  1  3  i
 0.910326738  8  1  3  i
 0.929619250  8  1  3  i
 0.953115872  8  1  3  i
 0.993369588  8  1  3  i
 1.029085018  8  1  3  i
 1.068033187  8  1  3  i
 1.112624967  8  1  3  i
 1.131591210  8  1  3  i
 1.180056750  8  1  3  i
 1.210766094  8  1  3  i
 1.250613995  8  1  3  i
 1.287186349  8  1  3  i
 1.337028836  8  1  3  i
 1.355754006  8  1  3  i
 1.396571141  8  1  3  i
 1.437885767  8  1  3  i
 1.451925175  8  1  3  i
 1.499855276  8  1  3  i
 1.529372648  8  1  3  i
 1.574330458  8  1  3  i
 1.596737412  8  1  3  i
 1.622933078  8  1  3  i
 1.671251966  8  1  3  i
 1.719264057  8  1  3  i
 1.742738954  8  1  3  i
 1.769281961  8  1  3  i
 1.797750379  8  1  3  i
 1.843684508  8  1  3  i
 1.867422385  8  1  3  i
 1.900894453  8  1  3  i
 1.931894268  8  1  3  i
 1.976160123  8  1  3  i
 2.014057291  8  1  3  i
 2.026849133  8  1  3  i
 2.070429629  8  1  3  i
 2.108141886  8  1  3  i
 2.156510738  8  1  3  i
 2.167344020  8  1  3  i
 2.196540317  8  1  3  i
 2.208174669  8  1  3  i
 2.235526809  8  1  3  i
 2.252891464  8  1  3  i
 2.286590832  8  1  3  i
 2.328163566  8  1  3  i
 2.374969598  8  1  3  i
 2.387612765  8  1  3  i
 0.000000000  5  2  4  F
 0.001872437  5  3  4  F
 0.018434670  5  4  4  F
 0.056282870  5  5  4  F
 0.073533055  5  5  4  f
 0.162346478  5  5  4  f
 0.173205571  5  5  4  f
 0.194435430  5  5  4  f
 0.209292411  5  5  4  f
 0.251891746  5  5  4  f
 0.266565172  5  5  4  f
 0.301222072  5  5  4  f
 0.346930332  5  5  4  f
 0.384918224  5  5  4  f
 0.396276827  5  5  4  f
 0.416565730  5  5  4  f
 0.436778827  5  5  4  f
 0.469111560  5  5  4  f
 0.513338601  5  5  4  f
 0.558451556  5  5  4  f
 0.600216568  5  5  4  f
 0.636864965  5  5  4  f
 0.658653238  5  5  4  f
 0.678850620  5  5  4  f
 0.717271185  5  5  4  f
 0.729457072  5  5  4  f
 0.757271071  5  5  4  f
 0.774788603  5  5  4  f
 0.817579218  5  5  4  f
 0.845317688  5  5  4  f
 0.876244088  5  5  4  f
 0.915705524  5  5  4  f
 0.932902219  5  5  4  f
 0.970618482  5  5  4  f
 1.001856828  5  5  4  f
 1.015422871  5  5  4  f
 1.035401055  5  5  4  f
 1.051292926  5  5  4  f
 1.063587007  5  5  4  f
 1.091372953  5  5  4  f
 1.116521158  5  5  4  f
 1.142115806  5  5  4  f
 1.175517011  5  5  4  f
 1.225651340  5  5  4  f
 1.246068566  5  5  4  f
 1.277465812  5  5  4  f
 1.326692249  5  5  4  f
 1.373800200  5  5  4  f
 1.410454747  5  5  4  f
 1.435539603  5  5  4  f
 1.475139763  5  5  4  f
 1.502696208  5  5  4  f
 1.531538306  5  5  4  f
 1.562313917  5  5  4  f
 1.602372139  5  5  4  f
 1.641412961  5  5  4  f
 1.684897564  5  5  4  f
 1.699898905  5  5  4  f
 1.733568125  5  5  4  f
 1.745618433  5  5  4  f
 1.765915783  5  5  4  f
 1.812719411  5  5  4  f
 1.836381003  5  5  4  f
 1.856602296  5  5  4  f
 1.903616269  5  5  4  f
 1.948877268  5  5  4  f
 1.986412350  5  5  4  f
 2.019875085  5  5  4  f
 2.037342778  5  5  4  f
 2.067401520  5  5  4  f
 2.099242935  5  5  4  f
 2.116081898  5  5  4  f
 2.133593939  5  5  4  f
 2.161323295  5  5  4  f
 2.173106354  5  5  4  f
 2.187086541  5  5  4  f
 2.199226733  5  5  4  f
 2.235977264  5  5  4  f
 2.257276016  5  5  4  f
 2.300991833  5  5  4  f
 2.315784158  5  5  4  f
 2.363708979  5  5  4  f
 2.412060187  5  5  4  f
 2.444099845  5  5  4  f
 2.487583468  5  5  4  f
 2.511126111  5  5  4  f
 2.528343765  5  5  4  f
 2.550061797  5  5  4  f
 2.581012961  5  5  4  f
 2.630427163  5  5  4  f
 2.643880017  5  5  4  f
 2.687440056  5  5  4  f
 2.716967973  5  5  4  f
 0.000000000  10  1  4  K
 0.002101154  10  0  4  K
 0.021136131  10  1  4  K
 0.053190234  10  0  4  K
 0.099859345  10  1  4  K
 0.138076029  10  0  4  K
 0.169189940  10  0  5  K
 0.207290330  10  1  5  K
 0.255181579  10  0  5  K
 0.269230374  10  0  5  k
 0.358421308  10  0  5  k
 0.385345442  10  0  5  k
 0.428894614  10  0  5  k
 0.458442624  10  0  5  k
 0.493253030  10  0  5  k
 0.514619197  10  0  5  k
 0.528920548  10  0  5  k
 0.575440083  10  0  5  k
 0.601413196  10  0  5  k
 0.623904269  10  0  5  k
 0.668482653  10  0  5  k
 0.718751122  10  0  5  k
 0.766317462  10  0  5  k
 0.786011280  10  0  5  k
 0.820220023  10  0  5  k
 0.838953986  10  0  5  k
 0.867139606  10  0  5  k
 0.906976792  10  0  5  k
 0.927068434  10  0  5  k
 0.973736658  10  0  5  k
 1.022033293  10  0  5  k
 1.054938985  10  0  5  k
 1.085978680  10  0  5  k
 1.133090981  10  0  5  k
 1.173252926  10  0  5  k
 1.222164261  10  0  5  k
 1.257761136  10  0  5  k
 1.291408719  10  0  5  k
 1.301703014  10  0  5  k
 1.327058733  10  0  5  k
 1.369004544  10  0  5  k
 1.379517386  10  0  5  k
 1.410498156  10  0  5  k
 1.424255577  10  0  5  k
 1.455669750  10  0  5  k
 1.470861704  10  0  5  k
 1.516796408  10  0  5  k
 1.546548604  10  0  5  k
 1.586724108  10  0  5  k
 1.600882322  10  0  5  k
 1.612626308  10  0  5  k
 1.645723416  10  0  5  k
 1.676876247  10  0  5  k
 1.716144461  10  0  5  k
 1.744352609  10  0  5  k
 1.758845683  10  0  5  k
 1.771947625  10  0  5  k
 1.793371376  10  0  5  k
 1.830084003  10  0  5  k
 1.866546467  10  0  5  k
 1.916493240  10  0  5  k
 1.956715632  10  0  5  k
 1.980759471  10  0  5  k
 1.997640464  10  0  5  k
 2.011341165  10  0  5  k
 2.026856079  10  0  5  k
 2.050398149  10  0  5  k
 2.063341261  10  0  5  k
 2.102427240  10  0  5  k
 2.121160764  10  0  5  k
 2.165221895  10  0  5  k
 2.177078855  10  0  5  k
 2.206308730  10  0  5  k
 2.248336533  10  0  5  k
 2.286477687  10  0  5  k
 2.309042827  10  0  5  k
 2.341778555  10  0  5  k
 2.357917163  10  0  5  k
 2.383265311  10  0  5  k
 2.424235655  10  0  5  k
 2.439256097  10  0  5  k
 2.478511980  10  0  5  k
 2.524634480  10  0  5  k
 2.550591640  10  0  5  k
 2.600251341  10  0  5  k
 2.611372343  10  0  5  k
 2.658338729  10  0  5  k
 2.674840135  10  0  5  k
 2.703012218  10  0  5  k
 2.722020967  10  0  5  k
 2.735839048  10  0  5  k
 2.783999871  10  0  5  k
 2.798486594  10  0  5  k
 2.812176523  10  0  5  k
 2.841207814  10  0  5  k
 2.865909042  10  0  5  k
 0.000000000  7  5  1  H
 0.002021500  7  5  0  H
 0.012498960  7  5  1  H
 0.038853893  7  5  0  H
 0.061320906  7  5  6  H
 0.100452284  7  5  6  h
 0.200332294  7  5  6  h
 0.231801990  7  5  6  h
 0.254966960  7  5  6  h
 0.288757214  7  5  6  h
 0.310834574  7  5  6  h
 0.337668847  7  5  6  h
 0.371624834  7  5  6  h
 0.388996026  7  5  6  h
 0.418295378  7  5  6  h
 0.433990910  7  5  6  h
 0.476763742  7  5  6  h
 0.507195667  7  5  6  h
 0.528937342  7  5  6  h
 0.560507441  7  5  6  h
 0.603285439  7  5  6  h
 0.635403676  7  5  6  h
 0.648204735  7  5  6  h
 0.692774526  7  5  6  h
 0.712219932  7  5  6  h
 0.739848690  7  5  6  h
 0.788239490  7  5  6  h
 0.815163812  7  5  6  h
 0.832484911  7  5  6  h
 0.860734577  7  5  6  h
 0.897161415  7  5  6  h
 0.934715823  7  5  6  h
 0.948216677  7  5  6  h
 0.969326917  7  5  6  h
 1.018474815  7  5  6  h
 1.068155319  7  5  6  h
 1.095060447  7  5  6  h
 1.140253107  7  5  6  h
 1.164439587  7  5  6  h
 1.206951719  7  5  6  h
 1.250134253  7  5  6  h
 1.271845832  7  5  6  h
 1.288869155  7  5  6  h
 1.329309567  7  5  6  h
 1.364350821  7  5  6  h
 1.387146440  7  5  6  h
 1.423669396  7  5  6  h
 1.458167854  7  5  6  h
 1.485531872  7  5  6  h
 1.497994889  7  5  6  h
 1.542908847  7  5  6  h
 1.591429228  7  5  6  h
 1.618200035  7  5  6  h
 1.629481075  7  5  6  h
 1.667422669  7  5  6  h
 1.717380155  7  5  6  h
 1.745970543  7  5  6  h
 1.768722367  7  5  6  h
 1.791982961  7  5  6  h
 1.814943561  7  5  6  h
 1.852801397  7  5  6  h
 1.880648375  7  5  6  h
 1.910272005  7  5  6  h
 1.925604437  7  5  6  h
 1.972530143  7  5  6  h
 1.996801482  7  5  6  h
 2.040617476  7  5  6  h
 2.056200494  7  5  6  h
 2.085129673  7  5  6  h
 2.105312962  7  5  6  h
 2.152630569  7  5  6  h
 2.170586951  7  5  6  h
 2.213259664  7  5  6  h
 2.242263695  7  5  6  h
 2.283947600  7  5  6  h
 2.324238923  7  5  6  h
 2.339324028  7  5  6  h
 2.371305684  7  5  6  h
 2.416121252  7  5  6  h
 2.452484436  7  5  6  h
 2.483856981  7  5  6  h
 2.530021116  7  5  6  h
 2.571091066  7  5  6  h
 2.611555998  7  5  6  h
 2.637422836  7  5  6  h
 2.652059337  7  5  6  h
 2.666333112  7  5  6  h
 2.709508599  7  5  6  h
 2.758298665  7  5  6  h
 2.805668058  7  5  6  h
 2.819447392  7  5  6  h
 2.841687520  7  5  6  h
 2.875014694  7  5  6  h
 2.886417375  7  5  6  h
 0.000000000  6  2  1  G
 0.001899573  6  2  1  g
 0.071330713  6  2  1  g
 0.094041283  6  2  1  g
 0.112517160  6  2  1  g
 0.135360856  6  2  1  g
 0.165936165  6  2  1  g
 0.176428701  6  2  1  g
 0.212474207  6  2  1  g
 0.231704591  6  2  1  g
 0.242116401  6  2  1  g
 0.286375545  6  2  1  g
 0.311525891  6  2  1  g
 0.342296752  6  2  1  g
 0.363219316  6  2  1  g
 0.381194253  6  2  1  g
 0.407120990  6  2  1  g
 0.420413193  6  2  1  g
 0.459691656  6  2  1  g
 0.507891139  6  2  1  g
 0.527644157  6  2  1  g
 0.542543116  6  2  1  g
 0.560359296  6  2  1  g
 0.596829658  6  2  1  g
 0.646221633  6  2  1  g
 0.691863650  6  2  1  g
 0.738443461  6  2  1  g
 0.769419987  6  2  1  g
 0.815848446  6  2  1  g
 0.831820408  6  2  1  g
 0.856492442  6  2  1  g
 0.900285592  6  2  1  g
 0.941405542  6  2  1  g
 0.964879366  6  2  1  g
 0.992678323  6  2  1  g
 1.013468889  6  2  1  g
 1.047834183  6  2  1  g
 1.065437189  6  2  1  g
 1.106096929  6  2  1  g
 1.124577940  6  2  1  g
 1.136949734  6  2  1  g
 1.154194116  6  2  1  g
 1.196924439  6  2  1  g
 1.242621640  6  2  1  g
 1.255403827  6  2  1  g
 1.282966296  6  2  1  g
 1.303709593  6  2  1  g
 1.329448413  6  2  1  g
 1.371147527  6  2  1  g
 1.406073991  6  2  1  g
 1.452208060  6  2  1  g
 1.484865530  6  2  1  g
 1.528120802  6  2  1  g
 1.542582059  6  2  1  g
 1.568863408  6  2  1  g
 1.612872760  6  2  1  g
 1.651763909  6  2  1  g
 1.674099949  6  2  1  g
 1.704589326  6  2  1  g
 1.744211885  6  2  1  g
 1.791190256  6  2  1  g
 1.826236076  6  2  1  g
 1.844922355  6  2  1  g
 1.879349370  6  2  1  g
 1.899189940  6  2  1  g
 1.934947715  6  2  1  g
 1.965566196  6  2  1  g
 2.015178391  6  2  1  g
 2.065045882  6  2  1  g
 2.088395228  6  2  1  g
 2.117062700  6  2  1  g
 2.132158040  6  2  1  g
 2.175053683  6  2  1  g
 2.215181689  6  2  1  g
 2.231814798  6  2  1  g
 2.278998549  6  2  1  g
 2.328714531  6  2  1  g
 2.360182444  6  2  1  g
 2.380901771  6  2  1  g
 2.417051184  6  2  1  g
 2.434649603  6  2  1  g
 2.460074851  6  2  1  g
 2.478896567  6  2  1  g
 2.497686065  6  2  1  g
 2.514368129  6  2  1  g
 2.559209112  6  2  1  g
 2.577402749  6  2  1  g
 2.618706111  6  2  1  g
 2.659972736  6  2  1  g
 2.709310259  6  2  1  g
 2.744612319  6  2  1  g
 2.773318157  6  2  1  g
 2.800604596  6  2  1  g
 2.844723121  6  2  1  g
 2.886381457  6  2  1  g
 2.930035650  6  2  1  g
